Mixture	B cells naive	B cells memory	Plasma cells	T cells CD8	T cells CD4 naive	T cells CD4 memory resting	T cells CD4 memory activated	T cells follicular helper	T cells regulatory (Tregs)	T cells gamma delta	NK cells resting	NK cells activated	Monocytes	Macrophages M0	Macrophages M1	Macrophages M2	Dendritic cells resting	Dendritic cells activated	Mast cells resting	Mast cells activated	Eosinophils	Neutrophils	P-value	Correlation	RMSE
3469	0.00279291783021264	0.0281020345469286	0.0130232428903942	0.159252636401158	0.0132133696932323	0.00205039919690544	0.00150051169694501	0	0.133924414250826	0	0.0355545434108692	0.0152388665080606	0.125282764514145	0.0200821300694617	0	0	0.00136075286114254	0	0.0243387468818879	0	0	0.42428266924783	0	0.859725647695059	0.557221782908945
3567	0.00450120561882355	0.00277596172322295	0.0147101186975687	0.119585129357851	0.00492797454458626	0	0.0134979948461329	0.00271462500134735	0.0780615357758683	0	0.0917062127474385	0	0.0705513554240161	0.05403663977443	0	0	0	0	0.0151515945927625	0	0	0.527779651895953	0	0.880709362598524	0.502118397081309
4059	0.0539569266106381	0.0114440965663238	0.0631245273219722	0.0741271480148228	0.0226409600266965	0	0	0	0.180410954542083	0	0.0430889011053669	0.0102826064134008	0.101624523440126	0.0904773575428281	0	0	0	0	0.0280514079127476	0	0.0125107447756644	0.30825984572733	0	0.745328937572998	0.699415431664626
4095	0.0293954665424788	0.00316201498028277	0.0106521984904873	0.124588518019953	0	0.071111945176249	0	0	0.121314913816505	0	0.0540603373636957	0.00897859627427519	0.162651322782585	0.0127560012498717	0	0	0	0	0.0308766340291131	0	0	0.370452051274503	0	0.899060973327953	0.529146927676312
4137	0.0571224252262042	0	0.0149693664508539	0.0124561103402447	0	0.0517890665201843	0.0118802077419991	0	0.0594165848714565	0	0.05152502782607	0	0.299615673860788	0.0270799573510112	0	0	0	0	0.0181718631283622	0	0	0.395973716682826	0	0.876197682841567	0.525106357394583
4158	0.0109353935704894	0.00967464068860748	0.00375864462288052	0.0211296298149195	0.000301042191877246	0.0548462619076115	0.0116341463474154	0	0.100709643206948	0	0.0587418324841611	0	0.198096804095148	0.0486742041491253	0	0	0	0	0.0290641705261735	0	0	0.452433586394643	0	0.897923360856125	0.489846526551587
4228	0.0121356216905806	0.0137474569529634	0.0256291056515083	0.1059652697385	0	0.013094388775829	0.0062055215803018	0	0.100781979644097	0	0.0476753711017615	0.0116143698350658	0.222882278718321	0.0301438093233798	0	0	0	0	0.0190015578538213	0	0	0.39112326913387	0	0.803796267019276	0.618979764278677
4233	0.0744778543504006	0	0.0168159909141027	0.134600925564396	0.0264938741474461	0	0.00203713236706333	0	0.171532781772511	0	0.0313692778679092	0.00848777401157499	0.117914716957257	0.0614179214699259	0	0	0	0	0.0209067812471464	0	0	0.333944969330267	0	0.86181933170091	0.588148648302457
4255	0	0.0204781575144238	0.00588992551690083	0.0579773072301186	0	0.00758033448086894	0.00276453171894355	0.00274131737881905	0.0805545833194444	0	0.0341512954704102	0.000865649628096896	0.0520367104723342	0.0575588985529438	0.00101531928464556	0	0	0	0	0.0328722093372356	0	0.643513760094815	0	0.896741404093182	0.451801688764236
4256	0.000926556382701209	0.0150665055860389	0.017245827554314	0.111081245257879	0	0.0221902026491203	0.0126326089621508	0	0.0877292403917447	0	0.0449494936631705	0	0.111582873761019	0.0422898202949797	0	0	0	0	0.00176570934855365	0	0	0.532539916148328	0	0.911904933970673	0.44927051002315
4322	0.0455588144906716	0	0.0347123837273305	0.0406830251361474	0	0.0054612314855033	0.0132244999199073	0	0.0647448819634407	0	0.0594776178042313	0	0.212483881936452	0.0380106837136176	0	0	0	0	0.0255191019839628	0	0	0.460123877838735	0	0.804197927599402	0.605330703535592
4329	0.0271163538973298	0	0.0237752449160601	0.236434788066132	0	0	0.0114940329419997	0.00729049245109662	0.119759161510697	0	0.141155730260079	0	0.157179892132722	0.0348269766517121	0	0	0	0	0.0212716790492776	0	0.00515355730353706	0.214542090819356	0	0.810050679554008	0.652001353361624
4378	0.116871257953208	0	0.167216014365068	0.111553270308149	0	0	0	0	0.127898937232987	0	0.020104556165235	0.00860788675893797	0.175154693390749	0.0565158423708621	0	0	0	0	0.0173133056609755	0	0	0.198764235793829	0	0.452925772065789	0.892140068464299
4395	0.0142312330320123	0.0338971520345696	0.0202113382972544	0.268730216718381	0	0	0.0142723945704162	0.00149962567140074	0.094662244364725	0	0.0736582537663988	0.00178789632633281	0.142895357290435	0.0242454881403684	0	0.00381795397469041	0	0	0.0134070169579152	0	0	0.292683828855101	0	0.844803637601679	0.608803075139286
4413	0.0193958296994094	0.0073602885919091	0.0137574180851019	0.1004141522017	0.0195575508260772	0.0735989838756562	0	0	0.209690844682379	0	0.0405751649295749	0	0.194385756492036	0	0	0.0058398101700618	0.00526934037463014	0.00144009928509699	0.0188888042830643	0	0	0.289825956503304	0	0.865952357024499	0.585541238263471
4468	0	0.0678441264417567	0.069637848840677	0.0719697947839389	0.0023514325108047	0	0	0	0.122010190549521	0	0.04246669173838	0.00471511292248249	0.160742503312234	0.0486890617753701	0.00225673889320193	0	0	0	0.0154636085505008	0	0	0.391852889681133	0	0.654520738965832	0.757291035189662
4469	0.0124102627957417	0.0436921049428464	0.027412256323972	0.0752087511879447	0	0.0178988698899807	0	0	0.102076982505716	0.00614548355183365	0.0298209074575691	0.00894416094762265	0.0598698343203799	0.0568496009019553	0	0.0202313153367645	0.00278788359449442	0	0.029482304636279	0	0	0.5071692816069	0	0.881278036647354	0.511302863457793
4471	0.00510447972657435	0.0122592530644228	0.0150456968172709	0.135955116638028	0	0	0.0409770676109307	0	0.0535668339367004	0	0.0883908805914111	0	0.167733893292379	0.0339190364789014	0	0	0	0	0.00388361481934345	0	0	0.443164127024039	0	0.840574251551641	0.569487237086064
4495	0.00578889592746497	0.0208945788834979	0.0277612106853752	0.171367467084436	0	0	0.00222853761543493	0	0.143116537132435	0	0.0738089853608439	0	0.187737230387826	0.0589648321635965	0	0	0	0	0.0114915848091609	0	0.0108140615768431	0.286026078373086	0	0.721916716081072	0.713181065779567
4497	0.0201502968055101	0	0.0130781268776707	0.0585124563404173	0	0.055370433345637	0.0142703162743039	0	0.103043776847438	0	0.0914755866520425	0	0.166434181865875	0.027916066927111	0	0	0	0	0.0109503666543704	0	0	0.438798391409625	0	0.822852763890954	0.591461952858177
4529	0.0237554434913414	0.00767128872922895	0	0.0997424864634964	0.000621132623955294	0	0.00535759026449162	0.00209871098881564	0.0980679483966634	0	0.0519617400543044	0	0.13006908841972	0	0	0	0.00145040875167567	0	0.0164687158698815	0	0	0.562735445946426	0	0.903648198129029	0.452500846507061
4535	0.0789419472589075	0	0.0175963892363249	0.11004438439843	0	0	0	0	0.167614938221666	0	0.0830940524150734	0	0.114264252426748	0	0	0.00333394452477388	0.00857857769693371	0	0.0315474851310817	0	0.00886708201507447	0.376116946674986	0	0.892691177339098	0.542678376557493
4547	0.022156097882333	0	0.0200733977141663	0.0433926422525128	0	0	0.00363310141750216	0	0.0457147921364022	0	0.0102034206506506	0.0126992024980342	0.103146596537136	0.0497301893045822	0	0	0	0	0.0430705168063731	0	0	0.646180042800308	0	0.858834702183948	0.515873872174334
4627	0.00207662721320083	0.0118173242468241	0.00416061678881675	0.0920260337960205	0	0.0297581672453572	0	0	0.103446595920634	0	0.105229342046956	0	0.157242361797345	0.054949117266818	0	0	0	0	0.018141250334239	0	0	0.421152563343788	0	0.922043574588307	0.474304906387288
4633	0	0.0577921942796425	0.0376293028434814	0.176668457092458	0	0	0	0	0.242598621987587	0	0.07036222553328	0.00634237094108608	0.199450988304679	0.0609397900628488	0	0	0	0	0.0171737304256081	0	0	0.131042318529328	0	0.811158394421112	0.670794404567496
4711	0.0338507703138848	0.00644870478935263	0.0205063429327223	0.100316573164159	0	0	0.0104920054070459	0	0.130540302529279	0	0.0424603704304368	0.0014406245026803	0.057464724489499	0	0	0.000842628366566768	0.00282093783903048	0	0.0201550518043692	0	0	0.572660963430974	0	0.897878577412925	0.467173256005598
4721	0.0050961774136731	0.0114889471498847	0.00030213739901847	0.0623852330240873	0	0	0	0	0.0866846012130936	0	0.0845348160259737	0	0.0990089993999977	0.0646448804503477	0	0	0	0	0	0	0	0.585854207923924	0	0.803520331648341	0.598254400774967
4742	9.44017860538506e-05	0.00548120084128001	0.0109269939613661	0.0782451074620565	0	0.0158366194345402	0.00881278882935871	0	0.0621856805741537	0	0.0712825052613615	0	0.117362700536578	0.0515829313987313	0	0	0	0	0.0238021766835642	0	0	0.554386893230956	0	0.923221630899669	0.420452163982904
4751	0.00411458687198024	0.00225444598665033	0.0133018254874059	0.101208285386754	0	0	0.00452092004032312	0.00290577549240846	0.081009753656908	0	0.0998088043755044	0	0.0759230290212102	0.0604880863365544	0	0	0	0	0.0149656188743865	0	0	0.539498868469915	0	0.893211693930667	0.47908341503633
4782	0.0158398489428099	0.00451525176777909	0.0175376570292888	0.072662390702168	0	0.0107405922035758	0.00159807935156007	0	0.096966955818792	0	0.0834059248908715	0	0.188252236843903	0.0404920087298931	0	0	0	0	0.0325146272961348	0	0	0.435474426423224	0	0.869593851477436	0.535795736893576
4785	0.028981848989369	0.0183866188935991	0.0386951730634256	0.0545768968601699	0	0.0333971100888637	0.0132175692452611	0	0.119234960830424	0.00265143734152633	0.0541443459215165	0	0.208866743034985	0.0639755364384785	0	0	0	0	0.00311631814463193	0.00120304393068432	0	0.359552397217066	0	0.604625442452885	0.796198985180388
4816	0.0527721942408785	0	0.0115834014891198	0.208066050208249	0	0	0.00327558285537713	0.00628330514460793	0.124149598483663	0	0.114509285618956	0	0.16179338461522	0.021119684765827	0	0	0.00265804362629299	0	0.012679128168811	0	0	0.281110340782997	0	0.854370248536409	0.600905319551714
4821	0.0278784355101541	0.00532890721072064	0.0271810189975653	0.102360661526879	0.0241782055324856	0	0.0094824368445768	0	0.126197311842559	0	0.0540899238879158	0	0.110697841694695	0.0701861116681277	0	0	0	0	0.0271618831664775	0	0	0.415257262117844	0	0.532618666721402	0.851147739132864
4859	0.00101251512146192	0.00644394109967912	0.013377790616971	0.0801359370566947	0	0.0480174689942254	0.0143367344325355	0	0.0704183316598563	0	0.0459930141928854	0	0.0785095947739604	0.051886953610669	0	0	0	0	0	0	0	0.589867718441061	0	0.91787875091673	0.422299814599227
4862	0.00246483643731367	0.00723676942290979	0.0148019924268415	0.0704251633446916	0.00341195758997394	0	0.0180418126353497	0	0.0377920660985753	0	0.0975541262742968	0	0	0.0657387176830077	0	0.00431489213173577	0	0	0.027879237254837	0	0	0.650338428700467	0	0.798932980442645	0.605906765587509
4864	0.0190094691154498	0.032256892625563	0.0542074850251328	0.219215196891893	0	0.0297466615053693	0	0	0.15319581959485	0	0.0987300995074507	0.0284945636356736	0.173887143686384	0.0291767303502416	0	0	3.36209450601675e-05	0	0.0185992941544745	0	0.0190431008533657	0.124403922109092	0	0.64955955300628	0.776819521345396
4873	0.117320157266635	0	0.0241458667321326	0.223867278909825	0	0	0.0301564227076858	0.00730999880644739	0.138429031415877	0	0.0810445229308106	0	0.0891332947639008	0.00594641920117498	0	0.00408567219798979	0	0	0	0	0	0.278561335067521	0	0.845711923428852	0.614678887037376
4878	0.0398285848820104	0.0282041293582361	0.0199533822078927	0.118392890097959	0	0.0929086516636726	0	0	0.155047990768912	0	0.0542179950035995	0.00423473479091158	0.135955936058733	0.0440735626635444	0	0	0	0	0.0166323147306446	0	0	0.290549827773884	0	0.861031630538513	0.601648415130229
4886	0.0371670158209783	0.00825336813590924	0.0106079869683141	0.189606978716419	0.00810254204325311	0	0.0262418909625355	0	0.162241330776004	0	0.125117650188193	0	0.119988427067278	0.0361105933655613	0	0	0	0	0.0124410646367816	0	0	0.264121151318773	0	0.852642897737419	0.609136331011293
4908	0	0.0342202244464047	0.0145213586702567	0.194118367840845	0	0	0.01728738476817	0	0.0783263741438743	0	0.0586311417200784	0.0053432173767622	0.0814997152838758	0.0632900344322185	0	0	0	0	0.0238546525593841	0	0	0.428907528758131	0	0.79142612278907	0.632317291515799
4915	0.0445701182137987	0.0130887924741261	0.0896034397710701	0.0317447440716522	0	0.0204080968116932	0.00741901828432333	0	0.096327928858968	0	0.0183549185942546	0	0.207642076204398	0.0869314310222171	0	0	0	0	0.0222646137737149	0	0	0.361644821919784	0	0.495669786982861	0.874645311572017
4942	0.0371227813529468	0.00435889169704056	0.0336010271927929	0.0497635571740608	0	0.0168922853156721	0.00341836265074648	0	0.107744325201756	0	0.0187114970296496	0	0.253389028284625	0.105181772228394	0	0	0	0	0	0.000539669453695785	0	0.36927680241862	0	0.681389473729875	0.732988566840777
5004	0.0824298656057587	0	0.0348332454931294	0.0385546035069812	0	0.0146183345364268	0.00696150512162701	0	0.0846225722112245	0	0.0592244125694453	0	0.113661591645443	0.0339598248383755	0	0	0	0	0	0	0	0.531134044471589	0	0.814825439375204	0.587713415562144
5019	0.0306727973146187	0.0327513894399821	0.028918481433047	0.119827419184196	0	0.00538473113378426	0	0	0.11402351784866	0	0.0319303330166149	0.0184312760892295	0.171839369980824	0.0798074744792513	0.00424720311077115	0	0	0	0.0307276205803411	0	0	0.33143838638868	0	0.57743654187061	0.816184420944865
5030	0.00943388481898398	0.0201493369378921	0.0157278646281064	0.0708972274149636	0	0.0355971362863285	0.00841802138353544	0	0.154533141704211	0	0.0482104759860542	0	0.124668014493054	0.0469312363358485	0	0	0	0	0.0174759596450172	0	0	0.447957700366005	0	0.848386187322029	0.563581193993344
5051	0.0378888265672891	0.0670299207137567	0.032529954969118	0.204496012461342	0	0.0108146394445414	0.000533385160564475	0	0.197007057703623	0	0.0627498334276522	0.0180671837356954	0.157342432935635	0.0046590480882789	0	0	0	0	0.0415836684664812	0	0	0.165298036326023	0	0.794656782562553	0.678270141173911
5073	0	0.025916477879072	0.0099636369849481	0.0549543352132615	0	0.0202397592081783	0.012802796140342	0	0.0470076026216169	0	0.0723899473024437	0	0.0433196371006093	0.0662596307714875	0	0	0	0	0.0136301000925959	0	0	0.633516076685445	0	0.83625591929662	0.552197414700344
5101	0.0144468703016534	0.0192766498234569	0.0226204192452827	0.122800280921278	0	0.0471448780438409	0	0	0.203964857766537	0	0.0580405755081867	0	0.162993192632835	0.073716781212264	0	0	0	0	0.000742194288680837	0	0	0.274253300255985	0	0.598093367223121	0.802882130542183
5121	0.00122682532941762	0.0110723794122297	0.0181316667603232	0.0232876700683952	0.00192840909995012	0.0446634268048597	0	0	0.0842796459196338	0	0.0788279968092146	0	0.168410147371595	0.0250642431948219	0	0	0	0	0.0235766269625042	0	0	0.519530962267055	0	0.847166838569539	0.544080055773143
5170	0.0277173287162293	0.00033007464230335	0.0143787794833304	0.111822189665997	0.0278777367842333	0	0.00317473054517483	0	0.113071261795434	0	0.105034062899276	0	0.139846712923695	0.0655741282551092	0	0	0	0	0.0193848840639913	0	0	0.371788110225226	0	0.840036903233799	0.593487839100351
5208	0.0499179783313251	0.0114188206928542	0.0226840517681349	0.0978961691246329	0	0	0.0174756904264046	0	0.126332711942404	0	0.0999404990063481	0	0.348473464415397	0.0265080571285405	0	0	0	0	0.00618530095591154	0	0	0.193167256208047	0	0.829696578234535	0.633967951562779
5238	0.014422760367363	0.00860301264830289	0.00594357746261679	0.0608446277898247	0	0.031010638190608	0	0	0.123320414372822	0	0.0632798706631126	0	0.15782435067153	0.0637512937360971	0	0	0	0	0.0245289728345504	0	0	0.446470481263172	0	0.88734721528401	0.511406291103533
5300	0.0428024686482248	0.0185195909057942	0.0526443529165526	0.150120156441102	0	0.119984086118815	0	0	0.137041036340683	0	0.0841338366920308	0	0.148883685478394	0.0208961341373072	0	0	0	0.00114859994630195	0.00810640239754744	0	0	0.215719649977247	0	0.693187896481019	0.743877352952218
5500	0.140681731181431	0	0.0462049712212412	0.0785043341307547	0.0371537065600299	0.00879623211549799	0.00282675792678811	0	0.183109477245861	0	0.101300712270434	0	0.193253290440311	0.045553647011311	0.00243178395586126	0	0	0	0.0120063061700924	0	0	0.148177049770386	0	0.840013904074216	0.654568590615967
5525	0.0653283630187277	0	0.0193576197546211	0.164497239067504	0	0	0.0150994012126792	0	0.137484513685162	0	0.0289603900931739	0.00123107084681182	0.117439017696371	0.0690258371714483	0	0	0	0	0.0199735730114203	0	0	0.36160297444208	0	0.846729104826696	0.594548342323046
5526	0.0493541864217396	0.00768009045695774	0.0186060375304388	0.150646990428806	0	0.0289308643333889	0	0	0.151883039416818	0	0.0755078737967809	0	0.179839329143025	0.103811062801741	0	0	0	0	0.026443137250935	0	0.00600406685365935	0.20129332156571	0	0.48125321521673	0.875820175378956
5567	0.0408822205311823	0	0.0176801233807651	0.0354195736801567	0	0	0.0471538322401483	0	0.119294715245598	0	0.101624692250055	0	0.201469034261285	0.0330959166645343	0	0	0	0	0.0558698413022848	0	0	0.347510050443991	0	0.824563165727097	0.615664403038355
5709	0.0118365567909646	0.0206980705694691	0.0156247576477158	0.0594008756644426	0	0.0487397978692172	0.0172335707198204	0	0.065512157165949	0	0.104603528957171	0	0.0466809613030558	0.0311253535391224	0	0.000445790685908769	0	0	0.0110934873245799	0	0	0.567005091762583	0	0.834370057597099	0.560700463601689
5712	0.05713553446696	0	0.0165626838798854	0.0111992419598877	0	0.0297468327835188	0	0	0.0622825624071458	0	0.0351349840751031	0	0.164567478661435	0.0421483897227152	0	0	0	0	0.0228735882592752	0	0	0.558348703784073	0	0.835950427071024	0.553701903236422
5867	0.0215000614368999	0.0041593221203524	0.0179001178872086	0.194578492547772	0	0.0398119070398494	0	0	0.110632585488159	0	0.113151956492541	9.26777982183809e-06	0.220101905905053	0.0296457719795222	0	0	0	0	0.010128740071724	0	0	0.238379871251096	0	0.829134617956806	0.629590575746427
5915	0.0240357981072464	0	0.0112560419744517	0.100241223391877	0	0.0186645961335033	0.0252986277735961	0	0.118316786122376	0	0.0624724987803978	0	0.173632898384203	0.0169831097994834	0	0	0	0	0.014441644972491	0	0	0.434656774560374	0	0.90888487677728	0.487495118802382
6119	0.0153947371150228	0.0056585321443539	0.00814889610354212	0.0956320383947166	0	0.0267368952468145	0.0270694222762639	0.000716192693850503	0.102076282187988	0	0.113650224614423	0	0.392146092780577	0.107356152716149	0.000748396987117577	0	0	0	0.00811484271262895	0	0	0.0965512940265518	0	0.784679818098844	0.682844599315707
6354	0.0064453468403402	0.00977620292874614	0.00558951073988482	0.111755623788064	0.0471905018514703	0	0	0	0.138561762718496	0	0.0616840849124288	0.0109090228705305	0.201261105839563	0.0396901464289688	0	0	0	0	0.0410309361099135	0	0	0.326105754971594	0	0.859488978310833	0.583218983224334
6373	0.00448794651775664	0.0130952563098906	0.016419412540751	0.0829876515703616	0.00943241598083615	0.00414166639308923	0.0231806902407668	0	0.110859584996743	0	0.0765963521382836	0	0.0818666213729042	0.0245522505764402	0	0	0	0	0.0111959508959277	0	0	0.54118420046625	0	0.894224512649859	0.478688359427069
6382	0.0371974915490856	0.0104477444991481	0.0131950727969184	0.0681391192347718	0.00422780711112106	0.0396783884367824	0.0099065381805353	0	0.123714632297197	0	0.0905874829841335	0	0.154718986049084	0.0279811682830717	0	0	0.00133099809103887	0	0.0232143972094959	0	0	0.395660173277616	0	0.917707938242406	0.499124021526395
6524	0.170885875654895	0	0.0613833591704276	0.124199572768696	0	0.0186797733715897	0	0	0.1472655733145	0	0.0726524297926274	0	0.09914729598176	0.0222175645975523	0	0	0	0.00203181926405233	0.0119939338945202	0	0	0.269542802189379	0	0.792051430976692	0.665517017180288
6526	0.043490182021629	0.0316027069066836	0.0483017821228435	0.0996199539861521	0	0.0401111772824238	0	0	0.188692889726992	0	0.0458313426977914	0.00688773334520783	0.130419937979742	0.0803054032987172	0	0	0	0	0.0183637749587476	0	0.00287037863347456	0.263502737039596	0	0.751807946115663	0.700845629384354
6571	0.0214744207475302	0	0.0187281254746117	0.128423190157257	0.00466670486580034	0	0.0107008494423944	0	0.0811616220374368	0	0.0842725646621686	0	0.201742156193011	0.0217691104655796	0	0	0	0	0.0148223830711819	0	0	0.412238872883029	0	0.693400976522948	0.722374230915606
6696	0.0287237251726395	0.0156617643971667	0.00782691613988935	0.156486015869178	0	0.0340062011625218	0	0	0.110786184133423	0	0.0750996502760708	0	0.0991782606104271	0.0246682902391807	0	0	0	0	0.00663635434212991	0	0	0.440926637657373	0	0.9329963015141	0.458716793373269
6699	0.0299771147494092	0.0246263266411524	0.0455019956718534	0.163454164524152	0	0	0	0	0.17012203111026	0	0.0556848370902382	0.014291372871752	0.125116653651254	0.0607251219666651	0	0	0	0	0.0117261807820424	0	0	0.298774200941221	0	0.846046827025563	0.613763023908909
6843	0.0436595421789013	0.0334090251179505	0.0315095885401452	0.128014627946912	0.00417024505428	0	0	0	0.210011874410515	0	0.0655968571028349	0.0255291086341625	0.125215940323393	0.0562965049220943	0	0	0	0	0.0157966785884293	0	0	0.260790007180382	0	0.831446274638759	0.635751223897487
6844	0.0724805175928266	0	0.0399715301909722	0.102510610280216	0	0.0575915238680586	0.00282496517436524	0	0.150905288742025	0	0.0561128577698118	0	0.120595965783245	0.0317862999845294	0	0	0	0	0.00688180076999421	0	0	0.358338639843956	0	0.785919804410658	0.651867791234481
6872	0.0147617366182483	0.023234930799022	0.0832335109811851	0.223816782482028	0	0.00239347624058818	0.0108478191470357	0	0.128006116375997	0	0.104367148077899	0	0.147314599933206	0.064787686128546	0.00393189531628173	0	0	0	0.0072086259911646	0	0	0.186095671908799	0.001	0.420001737629748	0.909418805527131
6878	0.0175933351580268	0	0.00684838739515864	0.105877461738662	0	0.000397499934836285	0.0375278369862992	0	0.0590897775891769	0	0.117457156861182	0	0.113954477849408	0.0450113874221413	0	0	0	0	0.00943151362545542	0	0	0.486811165439653	0	0.902661209236567	0.479326837876749
6882	0.0728398428841478	0.0153496781407525	0.0422298509025718	0.0888420864423571	0.00355481603419324	0.0425445767200961	0	0	0.226368061407067	0	0.0318789969278778	0.0202601410062441	0.133439257864373	0	0	0	0.00994253189722535	0	0.0216594779538745	0	0	0.29109068181922	0	0.824223523492318	0.633182666849082
6902	0.00376390918984952	0.0291966522919032	0.0261486147142223	0.125943646857615	0	0.0474931243334444	0.0279569971430331	0	0.101147495154326	0.00587975255771393	0.0610120955616423	0	0.122237314224247	0	0	0	0.00884910522954855	0	0.00974970083373046	0	0	0.430621591908724	0	0.781292391833253	0.640984836009258
6971	0	0.0112857898547107	0.00785255282213473	0.279870727006931	0	0	0.00300833659944973	0.022664194785817	0.0985094515375179	0	0.135415096619861	0	0.123925422395842	0.0298457039937297	0.00314192270015666	0	0	0	0	0.00274076230891601	0	0.281740039374933	0	0.806070275640597	0.635368424857935
7008	0.00547118955727173	0.0371700877751838	0.0565856833038892	0.150332866631545	0	0	0	0	0.142619853854021	0	0.0319776313710698	0.0166720372708819	0.129887367120254	0.0634543922382901	0	0	0	0	0.0318261266399486	0	0	0.334002764237645	0	0.551610076276859	0.83382304701338
7041	0.0420067012874857	0.0161959127659792	0.0286720949570351	0.0260950871842293	0	0.0276745998376585	0	0	0.121525070799552	0	0.00896285962610149	0.0223315102269678	0.0896437241580803	0.0735763433369534	0	0	0	0	0.0137836593085019	0	0	0.529532436511455	0	0.728933030437192	0.685880884369267
7047	0.0546756507209975	0	0.00717674338350223	0.0520163550399477	0	0.0575382995018865	0	0	0.0998063448864755	0	0.0980519411351719	0	0.261180684610753	0.0349147902360847	0	0	0	0	0.0114144588207604	0	0	0.323224731664421	0	0.918609522307985	0.512393435821343
7050	0.0158551045776738	0	0.00378840350515169	0.0723592012621729	0	0.0237889139521868	0.00604840953150848	0	0.126500193058983	0	0.134203832221981	0	0.231710391954796	0.0200690508240386	0	0	0	0	0.00250572844119272	0	0	0.363170770670315	0	0.885544480905449	0.532157021877447
7070	0.0508204511058397	0	0.0703822570762333	0.0592716630929011	0	0.0157766444328091	0	0	0.100330719618249	0	0.0424294373766408	0	0.185094296191597	0.1237018535181	0	0	0	0	0.0304252770159364	0	0	0.321767400571695	0	0.690510775472951	0.733847732150948
7107	0.0383715558793792	0.00716579206689057	0.0345921252926016	0	0.00059856695022061	0.00538439036466193	0	0	0.0640571751681306	0	0.0421610038572884	0	0.0955968825517997	0.0945692116741047	0	0	0	0	0.0134430448133246	0	0	0.604060251381598	0	0.752126754994644	0.663720387032891
7110	0.0157622248817561	0.00077664090816486	0.0232857560129084	0.132778831644088	0	0.00877877918046691	0.00588590746338171	0	0.0829086032498662	0	0.0955003730684135	0	0.298035818586332	0.0477500315602753	0	0	0	0	0.0110750889717806	0	0	0.277461944472567	0	0.7952084665568	0.645498719864082
7129	0.0252435543488406	0.0123597242475339	0.0170319080755134	0.075276512741875	0	0.00457480413952996	0	0	0.15191417215066	0	0.0348362323652986	0	0.07238713699105	0.113186154604938	0	0	0	0	0.0916168921102706	0.00228536124754792	0.00779527965870554	0.391492267318236	0	0.630305785853376	0.777094512624679
7157	0.00491722310585762	0.0232364018728364	0.0198423506246551	0.0905218735134988	0	0.00996167342177987	0.01573819418946	0.005052881594442	0.126612540928958	0	0.0667730224799409	0	0.0582916008641611	0.0221459042992686	0	0.0013187325448941	0	0	0.00813017258944896	0	0	0.547457427970799	0	0.873596645982349	0.509732822259043
7182	0.00650234975530905	0.0104273625573879	0.0218626554092686	0.0770982355620502	0	0.0137245438997033	0.00393911078829705	0	0.07944329702142	0	0.038476626943606	0.00708623457098096	0.140891622943329	0.0360930386944357	0	0	0	0	0.0336168461483001	0	0	0.530838075705912	0	0.764578248168612	0.6465051232333
7288	0	0.0521456817186089	0	0.0180191503973968	0	0	0.00776080447057315	0	0.0505855235263605	0.0177350729104348	0.0358860468630098	0	0.0594531325864636	0.0512836094900434	0.0027792421492153	0.00910075544457629	0	0	0.0332620382621645	0	0	0.661988942181153	0	0.872571551727188	0.493093624311984
