,P1_I4_M1,P1_I4_M2,P1_I4_M3,P1_I4_M4,P2_I8_M1,P2_I8_M2,P2_I8_M3,P2_I8_M4,P2_I8_M5,P2_I8_M6,P2_I8_M7,P2_I8_M8,P3_I5_M1,P3_I5_M2,P3_I5_M3,P3_I5_M4,P3_I5_M5,P3_I5_M6,P3_I5_M7,P4_I4_M1,P4_I4_M2,P4_I4_M3,P4_I4_M4,P5_I8_M1,P5_I8_M2,P5_I8_M3,P6_I3_M1,P6_I3_M2,P7_I2_M1,P8_I2_M1,P9_I3_M1
3469,-0.0992619221074319,0.13612257678864373,0.4005270839626438,0.6290524283682517,-0.08700547577505777,4.853818215750396,0.5597141524999164,0.3051586236497375,0.06622216480620807,0.062121187702783645,-0.058311656235587976,0.05145225336460166,0.18013228608286955,0.07278557503998621,-0.08952277218674552,0.9874368621831056,0.137094482118179,0.12268297910461962,0.47448444413319146,-0.08691598817398527,-0.09035954625011326,-0.014163729571963588,0.14151658231358827,0.16263373036477433,0.1455580160505547,0.08742250142780085,0.3609376830038144,0.10506430504351978,0.39709661488422526,0.8934659206947932,-0.08889437018356877
3567,-0.12295879397917825,0.17328851603427828,0.738068535214306,0.7373395101237245,-0.10655661142487557,3.3091857030161402,1.1762189107305407,0.4518405762446959,0.007304904880994895,-0.01851752905633932,-0.08296109591592495,0.1877664397072337,0.28761298223162185,0.0591881269761416,-0.10877135360864085,1.9850262285964932,0.19994608479266715,0.3092934379955447,1.2121891038689805,-0.10565992333771054,-0.10126577243899014,0.013111472386483723,0.1774351996437384,0.21177001657391792,0.1793746496969722,0.10457189964681579,0.5943801316595224,0.1414449171748672,0.777792343530243,1.3384850721123736,-0.10473064360525253
4059,-0.13017091099426825,0.2960862555079134,0.8544855629530619,0.8653769142629602,-0.11367089153178349,3.536720443694704,1.0973199870145398,0.5879761154572444,0.06708393363278896,0.015572080654863204,0.24349336550320297,0.981496301837143,0.40581765492300864,0.1512355163722684,-0.11873983083097187,2.1651471961130366,0.2386758917723931,0.20685927279245306,0.783220699765738,-0.11064785300735361,-0.11277836150117745,-0.0961458063834973,0.21046997330738998,0.3404318261847006,0.23628287921386917,0.15936838853253615,0.7115097748103816,0.10992753651863264,0.8357830865884471,1.8292072023640877,-0.11307555630476958
4095,-0.2031862278155123,0.7365652069292786,1.7643156203845993,1.6771420194908575,-0.163193195993,0.6592371413761378,2.541354000812794,1.2898757909748126,0.09065746158520617,0.0022341951820289835,0.2242913665060836,0.1728750391094859,0.9070978150640122,0.3219184068470007,-0.17567989402145037,4.075987560572025,0.7863239545784929,0.6808341697883913,1.9509806841102597,-0.15828163692126873,-0.16646405409684156,-0.16209615088312004,0.6482285619645276,0.7324031680063678,0.5443899963954084,0.5246235301550156,2.0069106891415442,0.3438372321216769,1.6712603341554653,3.2379306218118664,-0.15933547238354354
4137,-0.17101927008347328,0.3932123697676605,1.3685809913908782,0.6526699247979396,-0.14440482783534436,1.7371214997311883,2.2882615437442535,0.8132867239572557,0.0728627159742171,-0.025714860354120257,0.21325585080299334,0.21779321279061709,0.661443012328055,0.05856663997233003,-0.1468074064605733,3.7057772149005657,0.596663059335514,0.7194334343542067,2.1096255420023495,-0.14311311756527614,-0.13424658596349134,-0.130967971822319,0.4720192012908367,0.37480992337179764,0.4167331483924655,0.3440532742939431,2.0999358833004904,0.12659320146589872,0.9667240687582663,2.4846072925537377,-0.14066923627999423
4158,-0.11354868450209456,0.18142439383204445,0.825004054594065,0.32196563128076333,-0.1024287549442911,4.5698676656971156,1.149174775875931,0.4306023058720761,0.019916649715003214,-0.021883902502092784,0.028372224138323618,-0.06921120981832789,0.3585894025298275,0.044964116140118665,-0.10294019513661985,2.1208610221201054,0.19742657126626267,0.3474332476731037,0.9461623577385941,-0.10152962749714443,-0.09770398659885528,-0.07008828126154557,0.13324078508961915,0.1538501480890576,0.39116845179453913,0.06885336890136352,0.7204839107162787,-0.003745380530459676,0.5467063857864577,1.1663572905149948,-0.10128350350708408
4228,-0.1723026056275509,0.5287529100393085,1.5747145885798413,1.1209961337843595,-0.14876020745157176,0.7179253327624598,2.2882718320535447,0.951057268226078,0.06018588589515993,0.1406699678155624,-0.028676917102556987,0.9065284472718697,0.7043539067477523,0.21091991942379532,-0.13900024893778962,4.125802956694388,0.42849439186985955,0.5127417277779872,1.5897744239359803,-0.14814365271997215,-0.1358898286548646,-0.12182637776529955,0.3742302481077516,0.5875162278699619,0.41893760778351063,0.24696780045912115,1.6174633237020979,0.15888128597491086,1.4747351671711033,3.0375495709578466,-0.14889244130859147
4233,-0.1848671551515427,0.7363192090861456,1.6960315684701748,1.9681705603544937,-0.15169216772393163,0.5841686394600989,1.9299870902733405,1.2254392460673675,0.08192412071995725,0.19176403343009374,0.4649267278889875,0.25267085221791685,0.8024031967238019,0.40447972437633883,-0.16664468306899935,3.84517402234289,0.4768454834453379,0.4574578098067076,1.3795850266896061,-0.14718411115002533,-0.15840249100693005,-0.1528066672172978,0.5069314987842142,0.6847436867444449,0.501862656056222,0.29945768644393755,1.3270899533377276,0.2591456278815088,1.6109677320654257,3.2050948581822896,-0.149361830720347
4255,-0.14108857821860293,0.17306465045472247,1.2512723379478414,0.25270483706286595,-0.12761991248283786,1.7045745925713807,2.0551370153557627,0.4386570370674907,0.023033082382990146,1.173071805755612,0.1233882253429436,0.09576557030807054,0.39615914543558506,-0.0018928822045399735,-0.12092777390961436,4.128389355952599,0.34803139707730707,0.4194836290002113,1.9196195082422596,-0.12885643552229767,-0.10259991924906785,-0.07021322603309281,0.19520704116789245,0.16972642394913842,0.41876102594233405,0.0830619327685326,0.7203547925807989,0.003993546514514678,1.2000937911268499,2.1125458489165174,-0.12513974879353928
4256,-0.14325125682356193,0.24946767720032123,0.9146865030482163,0.9930305479985501,-0.12319379894020606,2.040352792785308,1.6402132263922047,0.5432057889493918,0.044972119277298536,0.0018229535659385842,-0.10021131422505879,0.18698290967722014,0.3445828924021826,0.09388710671894746,-0.12188258373781431,2.552081042066773,0.3656358151485074,0.45077932355984696,1.5623997823736122,-0.1263132090800932,-0.11525699128105966,0.016868973799286226,0.2814060645464661,0.2905633734563852,0.19164710567966273,0.1866458810537755,0.8413066923918755,0.21499791407468447,1.02992529726375,1.8077840683726727,-0.12311402808012703
4322,-0.15142663667818537,0.3029453769262442,1.2404675496211985,0.7295699131924946,-0.12923262790364587,0.5710198251273764,2.417495894581552,0.6189908393209828,0.05915086907084357,0.11546927735262799,0.49391340924845045,0.877271004565846,0.436171446961148,0.03193212234568028,-0.12787176215659923,2.8265039279602933,0.4624313760395591,0.6077745257259323,2.5577305083423414,-0.12993904031162407,-0.10882574849221821,-0.1112247369850574,0.4187639740115355,0.3820568336261681,0.27634437990770966,0.2316579975368238,1.6576598427445963,0.159707751531075,1.0128890022950139,1.9186441955336442,-0.12051818482563308
4329,-0.16961047861285358,0.6178485779880383,1.018254433422172,2.000939172445332,-0.13677535286331965,2.59533870538015,0.9523396019945013,0.9889072573290912,0.031156228288551774,0.24608267710691423,0.5626814263548868,0.1674063447121673,0.6382159026972982,0.42304752043085514,-0.15562212374658393,2.3637537218707694,0.2694195673196043,0.20886011131580257,0.6372444835690313,-0.13466087887327885,-0.15957268249605544,-0.13541745976055783,0.3158452165525429,0.825148396244347,0.32527230315704564,0.2997122720487888,1.167124990557786,0.35781847966237257,1.41530820230831,2.626711148062322,-0.12394211300986233
4378,-0.09930446356561975,0.2692971472107961,0.6093573447346367,0.5362281007481186,-0.07949891975804754,1.5408107510434936,0.6550217109660569,0.45371425014987493,0.014828360961599526,-0.03268043666772014,1.7055068168086243,9.067049619214036,0.3160154708141378,0.10232164667709032,-0.08951159243285801,1.2688480741408552,0.1517368122114611,0.1392195375119071,0.5634732109897876,-0.07549109485803238,-0.088345813795404,-0.07653575277287034,0.18692694840130053,0.23681957935745815,0.29625904311533335,0.12699962630081188,0.5215221846545733,0.061786659366270674,0.6303431450424574,1.2302992134418007,-0.076852111516814
4395,-0.19790832835689406,0.7644853269653028,1.464761317071666,2.074093892204291,-0.14726294529756692,0.3412902068696966,2.177289830151522,1.1979187596581584,0.09725206230209683,0.1806744927632981,-0.15867707591139332,0.6628140696378422,0.7059004398462633,0.33857865713840685,-0.16164440319060505,2.5974549430963507,0.8559155933212458,0.6920335939920116,1.490620795057893,-0.13737857397428702,-0.1636626888056404,-0.1778938553415236,1.0356634980307333,0.7086408610285658,0.2865410330249716,0.6641963937711715,1.7973706857290954,0.4827882049758591,1.7797293346206264,2.455932573909915,-0.14306728723234782
4413,-0.2129310252197135,1.0442084617344447,1.7835589062236865,2.2987544044719668,-0.1731033993207667,0.47804647666829453,2.0940827918460365,1.4180150004597594,0.21649885225477825,2.183722068871429,-0.19320998827489558,0.3409632809718759,1.1063497050471585,0.6500627741813196,-0.194776675973163,3.758372687786492,0.5340877716835493,0.5221869777142407,1.1575894074797495,-0.15474582020055153,-0.1915554140455796,-0.18217831852745675,0.595569790822357,0.9510097393722893,0.6295126387686264,0.39484504822065253,2.165370645084679,0.3594021951258029,1.9936844763464097,3.511719650145351,-0.17990426802377896
4468,-0.137146941340429,0.26851429394232507,0.7555519188901388,0.9374431965244437,-0.12083216495590615,3.497626533750394,1.0543005186162562,0.5349951623695188,0.011436592531678405,0.4141533071963513,0.05145366348779161,2.216162948592183,0.3629103421595099,0.11518593874973682,-0.12245369908218448,2.2177904929485317,0.18897852756614375,0.2591804501183027,1.0066870428700134,-0.119764872236777,-0.11974314304668233,-0.041101130697654954,0.1815171273105347,0.3338557501023172,0.23311174260249407,0.11084230741326766,0.8276514613121201,0.16691714735313296,0.867975146067822,1.6456012428190014,-0.1232334308114108
4469,-0.13496373985263638,0.24591240039332182,0.783801725376912,1.1768557182300017,-0.11352553966046583,1.3690542117157827,1.385022219081419,0.509466691513104,0.0031150283771502166,0.028295611877155923,0.12519896854577073,0.12886732027260572,0.35709148928146095,0.07345690323254997,-0.12003378370910563,2.036483707430064,0.29546380436741576,0.3271064126786474,1.2689181567338583,-0.11049280375890615,-0.11643320656694943,0.0044273629842308026,0.272749199416997,0.421938889492898,0.14020350337420578,0.23416619175933776,0.9127462362312303,0.35046358145856854,1.0572749295924762,1.4738658730836556,-0.10296787271584039
4471,-0.12710681561963527,0.258763516679483,0.7316130819375398,1.092692767857847,-0.10552646665695004,1.119813503128916,1.2700077760957893,0.5159236670416154,0.018818845185904102,0.12010263067514325,0.18381136422970779,0.48280275061815264,0.3209543238712858,0.09891331892236707,-0.11568945389788357,1.868309097698614,0.3418232613224902,0.4982276435832624,1.118067376291016,-0.10162600087041167,-0.10465885941741085,-0.09319013950332708,0.28935177069440327,0.3886857988357096,0.180261241172763,0.2257120309318282,1.056328778086485,0.27849417969126794,0.901581245844613,1.702007978891946,-0.10408748119127934
4495,-0.14644886497726028,0.38022300327708214,1.0624070860327446,1.4831141320712518,-0.1294211334299317,1.1116650193874758,1.4751175622240456,0.7935800484258704,0.0372410589518527,0.09721435433731102,-0.023876625461930298,0.9701099806048651,0.44216295386276844,0.1869167966281592,-0.13180835563311025,2.8770913006014522,0.22727264690337295,0.3330630803474208,1.1329844483845066,-0.12500777864356946,-0.11384825709766495,-0.13408163590363367,0.24212176069461014,0.560121004017082,0.2903705661240107,0.18646541809804656,1.2600376289986273,0.29129698336519544,1.1396916146924954,2.340558420707698,-0.1307016641716816
4497,-0.18171901406355895,0.6158363145453486,1.9801129916204339,0.6211803444121928,-0.15576432403630963,1.6168906284722975,2.38587320608634,1.0218198427683807,0.30986221556264315,0.0754752853003372,0.39827720603417655,0.3732812159172997,0.9468985817320809,0.2328043363481733,-0.1608990844510147,4.373901284577284,0.5017180086796701,0.44333522956668636,2.0117931081370637,-0.15285039891152039,-0.1537165385605491,-0.13517272515302253,0.3978596814095787,0.42503597906095375,0.952936056626508,0.24997011612652476,1.8674913445493093,0.038490272380590336,1.26752382472561,3.184320130156713,-0.15482048418647296
4529,-0.137130016757716,0.2785960837366712,0.9312242198639217,1.3306340896518374,-0.12055321734956394,0.8937982743468051,1.914282282378156,0.5568373624460834,0.025478388581178783,-0.015799974934706976,-0.11876344498310375,0.14672318940094997,0.36849988484741986,0.11978326992582156,-0.11741943569665055,2.108730709165846,0.34091401383215614,0.6060451660562967,1.5699394231357828,-0.11384974703183089,-0.10326713278288703,-0.08595632281790894,0.3340292670434996,0.4205095980555008,0.11316706831363708,0.18674671074409685,1.2071675530796104,0.23885054595636135,1.0366307575860536,1.4472510874188076,-0.11751330301189493
4535,-0.16796864034434855,0.5344453733636292,1.070942215077675,1.3691651579062947,-0.13825707025047435,3.0215898393018925,1.3514821975526046,0.845487711213692,0.04683308210207715,0.5614788351231471,-0.04313331772301728,0.07325126759077584,0.6847824007803823,0.21557933262225054,-0.15209951221999843,2.659697076440609,0.3571476273091807,0.33479133656569443,1.0988897053595301,-0.13146472949619076,-0.14880659373456684,-0.05238557966429286,0.3438082039989461,0.6606872620393348,0.3660557607360042,0.3070591412224363,1.5121630348632151,0.2745958711961677,1.2360256995127954,2.4134378191071457,-0.13913402482037016
4547,-0.10775096870659603,0.1208966011644081,0.9042364447558909,0.3571197476115789,-0.09952543802168114,0.6164673998625908,1.601236184164325,0.3404443094266622,0.009826985301773833,-0.02946743804121428,-0.09248248339217321,-0.049847337223855176,0.3250465790550571,-0.005660984513132496,-0.0923840709108093,2.7196326575290373,0.20623955150066312,0.39655382036704584,1.6046973137620655,-0.09967979924442805,-0.0778708331609246,-0.056007900385009565,0.1641550596885097,0.2491857841449977,0.1937362281754248,0.051846620833600685,0.6931954301680282,0.08663383846439963,0.9108393544138152,1.5922323764152364,-0.09865352138120656
4627,-0.18036001347493424,0.5409633068803844,1.730234873022696,0.9980174299544183,-0.15367578742150756,0.7547512355771886,2.4735140371859625,1.0001467311726557,0.056535950305872266,0.02870456131419984,0.3073510506877137,-0.021579052425793836,0.7896464415134662,0.17968220513890118,-0.15796473647632978,4.317760841313795,0.5610666035468397,0.619765040285146,2.002187215098399,-0.14942919126533025,-0.14738271162921684,-0.09999717769530293,0.5039330048786362,0.5333625025061635,0.5526458794289194,0.3164075731081851,1.7364109632461808,0.18740617947971835,1.5928309138413665,2.8026968352347588,-0.15320005402986756
4633,-0.19275549446604326,0.9028197407164265,1.5775611175843802,1.9711001606977925,-0.15882347336638672,2.4251003655063084,1.5699605441447737,1.4426314447517283,0.059075052884426875,0.13883824845327306,-0.09411028766955704,0.8735816872507852,0.9522855022934689,0.5819899519779426,-0.18001036494897835,3.217206105653447,0.3281498059989159,0.3304236752996925,0.78149950590797,-0.15310227521453512,-0.18017439951423606,-0.136505430887439,0.47657151031720124,0.8712073979598188,0.6350008403527536,0.21468543756632702,1.3739263815599145,0.25127732569695915,1.7708479054901967,3.2837781231095526,-0.15167447358006156
4711,-0.12008308722720143,0.19264476744055925,0.7504939070822745,0.7275967418117526,-0.10844663397334099,2.6886543572817336,1.2479137803045768,0.4520611674744692,0.0035028953689108266,0.12494010497325897,-0.08167236216579427,0.14953383859081684,0.2689736222970752,0.0823331978679981,-0.1077603071516976,2.185066991348208,0.24548096753771853,0.3134717248847934,0.9729774553498348,-0.10404011702838654,-0.10470806332768003,-0.0683071800837091,0.1607921500429704,0.29008499685411815,0.1869721318312183,0.093630326994333,0.5604773157900141,0.08761216096414262,0.7950785063908568,1.654408243343634,-0.10539028894656215
4721,-0.1494734240311179,0.1915287922085976,1.601372691311854,0.22377000835043606,-0.13631950944417295,0.7084435062279454,2.8285267897399358,0.4906540147534302,1.2616522993663166,-0.05895062707724465,0.7965077962745116,0.012590723412430907,0.4996458726225758,-0.015110140197982156,-0.1215874977489526,4.518572054430788,0.4377406063648929,0.6307362613990768,2.7376934291562742,-0.1361892545996099,-0.10911183298026798,-0.07923193905590152,0.2635673549108184,0.17308918427806896,0.542103385503788,0.1332009203736316,0.9621862953046264,-0.002924075851081498,0.9932136204106458,2.2077249641720877,-0.13382812709975236
4742,-0.14199034253995307,0.21406999624572245,0.9909751266363699,0.5641472146152079,-0.12690505713177289,2.073803577165456,1.7521832961082544,0.5095430920717972,0.015189756890694808,0.0075885712469760955,0.14927230704909678,0.11708857343141764,0.3495411394285324,0.04609121468794931,-0.1244205918317663,2.978536657098305,0.34067475209846504,0.4850898228756211,1.8632532933475547,-0.12513557238908324,-0.11075908618546514,-0.010109835586528294,0.28808716112509747,0.3117122561792435,0.2481759899539406,0.15460661482669957,1.03966910581692,0.1667976230036396,1.0314669211460838,2.18905591011574,-0.120790319294118
4751,-0.12095693392948352,0.1601330633912614,0.7350941037874659,0.5884702646806689,-0.10625583061306866,3.4743975011058463,1.1804567772692935,0.45266430952137715,0.005457761775167164,-0.022683699254906674,-0.08274187085415856,0.15708497583839617,0.28250503894352436,0.045208119362984384,-0.10569486076158273,2.080401597570222,0.18315542050237069,0.3049773073687811,1.2031375706589418,-0.10515953706439614,-0.09921986357882209,0.021193311052588756,0.15939561359666327,0.18873855745333828,0.1887633273599531,0.08885836761249637,0.5871140424910363,0.10832643334304795,0.7721385747461365,1.2736703751426124,-0.10527551598645041
4782,-0.1997725912670509,0.5485048897471383,2.0795557020482027,0.8773830527166195,-0.1666874458935583,1.3231810511134166,3.0661070106138477,1.097745156953363,0.16712896682735315,0.12003068600509764,-0.15186972319009626,0.5946130920522118,0.9301977821221962,0.12386299432280937,-0.17161749730578238,4.458639741710213,0.6230353603014236,0.8075610240972836,2.3255532686323703,-0.16369773318915118,-0.15475183416017546,-0.15473718251923319,0.5355269847665272,0.5364510486038859,0.6180255247140352,0.32716709729443144,2.080503941304332,0.12545242411585897,1.5701616787650186,2.8567424342260734,-0.1651205911458594
4785,-0.10699475130453404,0.1704302058824798,0.5939948207105213,0.5525215972448181,-0.0935297855356469,3.9708858056203034,0.8732769194684201,0.39538133753003163,-0.002485603387951023,-0.025346549456770364,-0.026126293616498767,1.0392877907609428,0.23992475928193807,0.08309279284733713,-0.09581884932862611,1.57580928231084,0.17007847863777045,0.2216295479338525,0.7490006306725809,-0.09203880797748688,-0.0906076172273798,-0.07521788423806447,0.14310171205273553,0.1820461407792824,0.18537761752761922,0.10847288186906093,0.5847286523671121,0.049935353303063784,0.5488200649658498,1.162929098561516,-0.0936067098173264
4816,-0.18092360914757988,0.6308563487732058,1.3009189731917146,2.0399600233982786,-0.15279685266719012,1.4027268305848952,1.5909943376600402,1.0694447562184388,0.040385688199029206,0.08374492897965818,-0.022390798205629905,0.2010142896705148,0.6700934741998477,0.3364169545968582,-0.16546072274827436,3.257747005538877,0.43475525175429264,0.35403990920664896,1.0778144708278512,-0.14342050042309226,-0.16301742925323956,-0.07950131001215531,0.47243491683926214,0.7980243619960148,0.3360702078187766,0.3090293516177019,1.2960751646832545,0.36417441786166643,1.4602669460676565,2.9992176341276955,-0.14055653150164224
4821,-0.15659464907470477,0.32941572202829006,1.3339828270814396,1.1066028324997204,-0.13337466638474685,0.3285828499532674,2.319206029004409,0.6854201768996536,0.049960595952956245,0.0660944248774006,0.5452381473840443,3.8905645759398055,0.41016121588130533,0.15381480904021427,-0.1404802741402446,3.511291062181247,0.4066134004201484,0.6310371121400401,2.0294510419947507,-0.1377108617889614,-0.11620661405208568,-0.12342232824608518,0.37236632959326066,0.4237603998881565,0.21006083552151875,0.18330848618875473,0.9962120982417516,0.1714606951272419,1.2631098865757415,2.395802892146145,-0.13809365369900609
4859,-0.13572437581309463,0.18635272973271969,0.8449279799848863,0.8408925636273376,-0.11998951111624022,2.068314338950951,1.6410588846182534,0.45534483080053145,0.014172909867509796,-0.010937939841669343,-0.10264016698564497,0.05563379529847791,0.29443786313784454,0.056174178668080596,-0.11669951591083967,2.5584540751326785,0.33824351472154246,0.43705686916586894,1.5509147854949932,-0.1205642191394621,-0.10773321177317136,0.030452434035752426,0.23974412740275636,0.24606115744441837,0.15970578798252494,0.1578957458562751,0.6637211441628165,0.18424120635597002,0.9246983128038108,1.747982015815769,-0.11804616333867897
4862,-0.14457480620345817,0.14017416742891084,1.0337767297233644,0.43449356625917174,-0.13289401782927956,2.520114962510481,2.544011312575996,0.3740605351855558,0.003940606644001572,-3.2649806587525834e-05,0.5152478920646882,0.45063893378151854,0.27434154494002666,0.0015970992730162485,-0.11304973547147217,2.352173650255515,0.39190398478139343,1.2501774120789635,1.7737189007750052,-0.13674288886746822,-0.08602498568198473,-0.11649743644142155,0.3716729453793515,0.21619614860968125,0.1859537236453983,0.08926878533814164,0.5552221630079525,0.0632080833964392,1.11863578179747,1.7128704743678569,-0.1266335476752819
4864,-0.21759828011578336,0.9369032335697833,1.6174731439803145,2.539212131459981,-0.16840209384138846,1.7363012454897984,1.530771274136654,1.4393789245337247,0.08172332025306242,0.3115619516882273,0.6063455828344589,2.5560669262061833,1.003647914072928,0.4482542577429776,-0.1965974513401005,2.828383777197201,0.6882053601607426,0.3820514183095694,0.8591797216786978,-0.14460281483423826,-0.19179603009825483,-0.14245307664116658,0.7670849301556555,0.9557181213711786,0.4063005129350856,0.5028190985888609,1.8567001111704804,0.4735865199630691,1.9183608211847718,2.9178124773406937,-0.1562268602635038
4873,-0.14718110594634526,0.4494128402944664,0.905518202551829,2.3882087709539235,-0.1222377937327846,0.543463392117905,1.460274073830613,0.7552443815388818,0.019318163354123775,0.36986537382966855,-0.011662177835160938,0.14007207025857663,0.4293003641145051,0.29525288440252706,-0.12595804307013286,2.043939090521104,0.32054077143850285,0.424999675809157,0.9792691424702683,-0.11669850594285426,-0.1302835407345902,-0.13074381891587825,0.4145804692377146,0.6570439374346557,0.16438979828743044,0.2018182363314395,0.87547173737158,0.4801298488977721,1.3412808687975553,2.058258521418806,-0.12364319091672618
4878,-0.19597054427565708,0.8197902105083963,1.6749285030316232,2.1820791838166307,-0.1610038533503916,0.9769345913202727,2.1012295299877004,1.32149665391894,0.07393399530246554,0.07184494823208469,0.11283030897716517,0.10564092799497463,0.891221483725047,0.450132339695029,-0.17807870174676646,3.6108205294709528,0.5316979322976132,0.5146739701446982,1.0693588562466132,-0.15189439986339942,-0.17058113760602342,-0.1625163848249038,0.5515875542708478,0.8987545823074711,0.503979118468473,0.394831105048827,1.6027377622017582,0.32344968251990963,1.9198656959247777,3.294898271414354,-0.15539084546851303
4886,-0.1769060641174853,0.6135480879913263,1.2576978263809226,2.228718789676934,-0.14504826828534545,1.1422554507097964,1.7418508325630657,0.9653986605172292,0.044324270892613295,0.5653959007604712,-0.064599450192256,-0.020163979784240955,0.6617398843607029,0.3561964756883615,-0.15390173236302004,3.0491338518389637,0.40222375194728105,0.3868514013351715,1.0481714675325613,-0.13970548418297993,-0.1513612986214493,-0.15522735825419523,0.43164982891535303,0.7935934475471441,0.33555035708540853,0.2844685856267742,1.2555212427668645,0.39368246203650714,1.6016082919874184,2.842893505743963,-0.14449264213348476
4908,-0.10018551329104136,0.0925310667359328,0.4029447921060936,0.5900128609306893,-0.09241594104360905,3.415503143875252,0.7429562053281704,0.30233667545733905,-0.02271627531915135,0.014681541202093328,-0.026417866954114556,0.18857211742800645,0.13855533392529046,0.048503453788723595,-0.09161522599546315,1.3671404463908892,0.12129197561483479,0.23630990262793855,0.6539913272413836,-0.09093537588342647,-0.09134818110023533,-0.005979483856241529,0.06159735233026332,0.1747252998544357,0.082398203043398,0.04885562721421865,0.3350028421697467,0.055278101394942866,0.5272281462724964,1.1354131215600043,-0.09281094430354477
4915,-0.12352737253082872,0.283171649446572,0.9043135179312097,0.7860074678947577,-0.1040471280644602,0.5555184431213054,1.2574588728419753,0.5848131164661317,0.02458388775776782,0.0013116494970195351,0.5142002522381453,4.327406092128896,0.404519206165767,0.11449945468721077,-0.10497508731272372,2.3986061546118838,0.24514950210489245,0.3733939816704358,1.1476207916152579,-0.09976671562599453,-0.09619931445207013,-0.07413243447910253,0.2562346232213891,0.34684746438438396,0.25203882626498453,0.20033139761556418,0.8905132012192875,0.14599103890827478,0.7672433220536848,2.0036933149513834,-0.10139972140183981
4942,-0.1286436309950235,0.1665288952110143,0.8633560427043442,0.3172844990787699,-0.11792195411783507,3.832694102730752,1.2536315306105217,0.505752348547506,0.003633753376849771,-0.06458465756133668,0.022541909241174964,0.9740595825020599,0.37335321901360535,0.04924045954825577,-0.11631150706032505,2.9270530686630813,0.19003382869225263,0.22137137907191765,1.3521787652884913,-0.11676750185945711,-0.1094820432192022,-0.008369217267242187,0.1269451095152241,0.18170479930309683,0.35590635581141394,0.09026360917889359,0.960985780248082,-0.002062916510425171,0.5873009414340382,1.8058779523053932,-0.11692703195482347
5004,-0.162333963728821,0.2600347072941626,1.5275448496186073,0.4267641911310723,-0.14372841005153866,1.2222626367927438,3.0101431454670977,0.5513994162972307,0.0641074567260075,0.0954917925732543,0.13052704760051756,1.4099944519910539,0.4933818179924119,0.03450019066043079,-0.1361275819945821,3.959811005812204,0.5406622431432709,0.9175980032361101,3.296644820130899,-0.14256941801964032,-0.11194604171012511,-0.12246458670312806,0.3604970482876997,0.21054346338622687,0.4298226371820332,0.20019407308319537,1.1635471278719043,0.01910587760414165,0.9780250402657337,1.9888511157765474,-0.1430489092134017
5019,-0.13897834702203213,0.3091226547008822,1.0134578950840971,0.9895340435733769,-0.12055317567486323,0.7297699225158593,1.6592963393684905,0.6156876462366764,0.016378927652973746,0.14055277541474,0.4520431773013502,2.874999564906616,0.47396997795577506,0.09729257766963223,-0.12562796349526426,3.0402634504712633,0.2442876637196202,0.4692737181311312,1.264672745890317,-0.11907930534360525,-0.10769271851618949,-0.10781095706082335,0.19908982482914356,0.4766421690645011,0.2647114016627144,0.15568505851833883,1.252576963337495,0.19354469654343556,1.0460858654852032,2.2181457685700336,-0.11778015549552658
5030,-0.11192777970088859,0.20320416090391472,0.6308668282352352,0.4983089397395763,-0.09920324745659442,4.821367166607253,0.816340527447593,0.4165639516111332,0.6241871135556806,0.056919449785989895,0.00557147958552113,0.09795049078032057,0.2976149499755459,0.09158473858656092,-0.10109752908428336,1.5320049466984629,0.16190047149410622,0.1408116141975395,0.6876038251070414,-0.09763925083065642,-0.10000676060243006,-0.027050494506372785,0.14424142313795624,0.1747433003959562,0.28312536865719806,0.0948977035631313,0.5617429179031236,0.05087682501676043,0.49351854088388475,1.216215766675284,-0.0990079323210746
5051,-0.21278497814800398,1.019391302610743,1.5690105430249008,3.231413513082804,-0.16146688972340295,0.21542437355267513,1.9483679599473163,1.6423861429888662,0.09760925897092418,0.21930796426513594,-0.135523227375756,1.2164131979890984,0.9425703320647828,0.6229673383671533,-0.18869118215254915,3.230814735827118,0.5920300790371317,0.4347003342727017,0.9326541033777808,-0.14774273793668635,-0.19524279225645552,-0.18657807217486713,0.6777335208724881,1.1404842373449062,0.3534582815345247,0.5911473561846705,1.7672842609839785,0.5826009940222048,2.0381768941015883,3.45101559038934,-0.16215660741853247
5073,-0.09910886244659778,0.12082325278559532,0.5224957754865197,0.7667800820446276,-0.0859581641597262,1.70007306030185,0.9366000807149496,0.28929457833621147,0.004645066179805861,0.17911838579589165,0.04570233669072096,0.02409911035292574,0.18168708025187538,0.023646173829642327,-0.08582101227038831,1.3359668539183915,0.18600986077601267,0.2612035710413756,0.9516315814631043,-0.08343185390656475,-0.07797079595171101,-0.054510315655765244,0.15084109009228588,0.20416901109026037,0.09129470649944997,0.0904246358624159,0.44388910054109415,0.18176645609424247,0.6687897619531846,0.9514682900372102,-0.08328254509564273
5101,-0.14169030775991265,0.4770173395876699,1.0111599532671187,0.8722210716284449,-0.11720129934344095,0.25140684319338497,1.408448686965102,0.7466893857323029,13.250979053988013,0.1443062414228704,0.11222557407480326,2.2901533445932825,0.48125691751385563,0.2674063817891977,-0.12889298199376945,2.3178438034691324,0.3091629894734516,0.27207163990126837,0.8561362886517051,-0.1133739539034975,-0.12379443404728804,-0.12113283197196609,0.3304681586678323,0.43672971420521267,0.3058208139944273,0.2180714205554944,0.8716471995364835,0.13944926584465167,1.0460615874551171,2.2912670015273005,-0.11398836349607186
5121,-0.16955699666917218,0.42909565154917556,1.4287869163504419,0.7765933022015733,-0.14629596375606668,1.8958092392922838,2.067447812744037,0.8813285864304568,0.055893426151030566,0.29678661370194886,0.15705813862789575,0.559577014130241,0.6472977334656831,0.13002176283853648,-0.14842093904307588,3.783327513955009,0.48262343393593227,0.4753915554233831,1.777788148223057,-0.1461402749601128,-0.14116527453346028,-0.07946017804709621,0.4071578378897574,0.4595631770385006,0.4218101894869075,0.22926635701209133,1.475828053079297,0.12163791596836598,1.2927588033616944,2.663951775700815,-0.143604732794387
5170,-0.1650382560216981,0.524914373557291,1.2622234186587429,1.5613526128323412,-0.13732591044001882,1.095910221415421,1.642388483927305,1.0212557830007332,0.06547104750042533,0.11048098458581526,0.3985989652928134,0.20495806246190162,0.5750499751107001,0.2554432967015043,-0.14826326150742858,3.084829089708323,0.38007684029211464,0.2960517597074917,1.092151892992001,-0.133528649238853,-0.14021000759106717,-0.10713670624828303,0.3880955985043734,0.6065076584006133,0.30367932736830694,0.2816892911346147,1.3513194658505068,0.28040490793281925,1.3596062672874885,2.7719566389870485,-0.1387864596257711
5208,-0.17281052975524888,0.6498022810856166,1.2853218124818622,1.7435394655132537,-0.13868401750092496,0.37593708219539296,1.4515304800674813,1.1079903540754514,0.07721355102685824,0.1521723026375475,-0.08528370091605571,0.2926283324350083,0.8463308932420196,0.25930323225392926,-0.15832838596123097,3.4556207455605725,0.4677729964549155,0.37771525410232604,0.9322087439908965,-0.133176043143897,-0.15168005859440184,-0.15004272259579546,0.42140040931126416,0.9754580675236139,0.3198478632379401,0.4142002769047147,2.3768844874183275,0.3622358021229814,1.2711480290734523,3.6128472902640256,-0.13778091100354414
5238,-0.11954278343746699,0.18626019463034793,0.8547014841342239,0.43994432428279856,-0.10788806049866113,4.240444418461032,1.2446171765649543,0.4426568845067652,0.019372881128981206,0.11248604360485075,0.048970293938892455,-0.03122632403153641,0.35853347747875197,0.05503248819219005,-0.1075017182633421,2.1984085725442637,0.19985473381729868,0.3747830914816281,0.9787169527496075,-0.10602043794079452,-0.10088773367489502,-0.07672825407993862,0.13116859963638683,0.2087709727960789,0.3665505150194455,0.06604406264628218,0.7278206165871238,0.008080509238730044,0.6711954971979927,1.3284874188317144,-0.10755596905845871
5300,-0.21425872308427538,1.0925691616469309,1.9181476330131373,1.9105702191001914,-0.1680151740957342,0.6246530254316847,1.9770043678699882,1.5611445227713336,0.0928806826188654,1.1246765130305783,0.00012097121644849188,2.514677842657434,0.9688403312996409,0.6016969724531971,-0.1901718867671346,3.7649231387770707,0.6301268912030511,0.4364962722446016,1.0898112322514901,-0.15884762919558604,-0.18415048682495522,-0.1472835077692252,0.8320218481632927,0.9506498806862933,0.6010829739563351,0.47552326192325445,1.7359846810253179,0.3013758383000009,2.031216233867922,3.649174191495478,-0.17160219961009077
5500,-0.19932487497022305,1.1025111377070078,1.6700890576343888,2.4761204402581547,-0.15666983303486354,0.30544265964707046,1.5696546744897866,1.6006828090581717,0.04054989139216978,0.31202486250657835,-0.16355771086849494,0.5188216974534147,0.9622092794940902,0.710090790574926,-0.1798821191669395,3.4807143109910927,0.3740864007752995,0.28936300572534795,0.7874642045937559,-0.15241721691297802,-0.18578927690746427,-0.154272974264359,0.5703595355130916,1.02339485768553,0.5181147417270784,0.3342692793738555,1.527115696616317,0.4211798878480206,1.9896012668973426,4.094121433518362,-0.15665638390101821
5525,-0.18280343888584882,0.6142171991430898,1.641791836665423,1.520585769898957,-0.156612390635232,0.5743430081515625,2.219002496611309,1.1376677655143481,0.06537625809730488,0.11237387340984224,0.18544270206162272,0.6767824384195317,0.6861681705502745,0.31182101825102065,-0.16197533386710655,4.065552329510492,0.46315564292974865,0.49217841708045723,1.6517469412691101,-0.1538589304054732,-0.15793924359829029,-0.1453347859004429,0.3827181968833872,0.6391776784526682,0.4327028136570315,0.23158783568034902,1.6801279992593248,0.23974463464850587,1.7157948484077774,2.9589636072372145,-0.15501349209414192
5526,-0.15104572820365122,0.4407014849414709,0.9916129053869699,1.5111080652835511,-0.12224086282190064,0.5259815608417943,1.4744468660928798,0.683044360569814,0.052222275104020284,0.13176137716008457,-0.07386281885520297,3.466472976665908,0.5669067076987817,0.20244588079202785,-0.13482452992307528,2.5455737856279335,0.38471737482285556,0.36990385615464166,0.9716359332295736,-0.11885468239702184,-0.1251900806697995,-0.13344654801811462,0.38377961733639626,0.5603512336858777,0.1867666597441187,0.2339037523559307,1.3977968467323219,0.23779822325527142,1.0630922683239323,2.5003223617016084,-0.11256202371096043
5567,-0.16393601675456193,0.46507213960594807,1.266672332881528,0.8906609530750867,-0.14042077206482287,2.9197553278760306,1.7837891825098742,0.92258354584099,0.034743322026346495,0.1440271555659083,0.032925079088943404,0.46820296326818484,0.6041771483584728,0.17777338390224096,-0.15136693187552677,3.202301262770863,0.30588700652932105,0.3552209529906011,1.2770084404092363,-0.13966755768258823,-0.14605188517034562,-0.0859138184155386,0.2891764261609859,0.4467979360118929,0.45340385443406495,0.1787673950893926,1.4338973850856853,0.10248391773368713,1.2118001761652453,2.577644582829915,-0.14071966666094773
5709,-0.1322108146238345,0.21292346287702324,0.8691655533647383,1.0847185163588497,-0.11674506498889063,1.4301561148648427,1.890083637313815,0.4618581009530401,0.020130729986135007,0.024196361375045758,0.18362396367747563,0.2409170210930133,0.2901253357847087,0.0875739289045775,-0.10939903292247773,1.9228131247914089,0.32380915676497596,0.800496349775297,1.4897028184290215,-0.11616468653359975,-0.09561262344588892,-0.07844026638268486,0.3062895749179353,0.30508813611768143,0.12495924095226789,0.11182502975191326,0.7366511067535848,0.21762153229651268,1.0140983995057935,1.5105257961129552,-0.1051661925205243
5712,-0.15407825466947456,0.2545157742601293,1.3417116806275877,0.5526050790995884,-0.1371135339503212,0.6651199282610852,2.935088064430918,0.5616582498188165,0.06293051472257283,0.08014688016008252,-0.050043128417238895,0.20003330601117628,0.42544131018517006,-0.006718552887941935,-0.13159093193194255,3.1745770155535844,0.5098765417433954,0.6863296218026382,3.086873242672686,-0.13684584465271998,-0.11122193216653997,-0.1064751574493617,0.40772754825565016,0.31753800957994666,0.2870265284971741,0.19616168110067314,1.5856358013352994,0.09417256859899394,1.0300196163353694,1.8880008722278472,-0.1189697840208919
5867,-0.19583256666835977,0.765028342055303,1.8693856627291792,1.00972578594706,-0.16025912159244507,2.774443488019981,1.981563385535957,1.226435962635014,0.09602457482503339,0.6446604056238701,-0.049492216436497725,0.4066815519644747,1.1621122286716932,0.2535854600986239,-0.1751644505172205,3.7188152512267543,0.585411660771474,0.4779693042901733,1.057008251780061,-0.1539824261276864,-0.17216768413553263,-0.1614145116646168,0.572157606242932,0.720095924848134,0.728254850866499,0.3740628988520022,2.052234573963415,0.1602548222392852,1.4706701533303794,2.7643097934772065,-0.15807592978326826
5915,-0.1811421890941813,0.6061453499612816,1.796160071956866,0.9516846670638165,-0.1577603935432539,1.0645187865097645,2.2719523741436705,1.0283319487224396,0.06819240808416602,0.3483308465078398,-0.15649671774000448,0.18349870070744212,0.9545201602315138,0.24330560931164974,-0.1611769415723696,4.714148806650108,0.4150201545396018,0.4440062133063302,1.9147099873999387,-0.15534203029274626,-0.15362963666347898,-0.0894723945588304,0.3311868663795826,0.5702464013740957,0.7435884918342917,0.18895654581772056,1.83625919029561,0.12338538044541864,1.5532517980179588,2.9551338065864643,-0.15538242752122178
6119,-0.16368179593798932,0.6204114557429629,1.0156852850046802,1.7400852641267905,-0.08058862915029032,0.2973758174279969,0.8844738477834132,1.0119198897315265,0.40102505082572476,0.5975110989784205,2.4417934486265116,0.07778936184706,0.7442755384567985,0.19263051834504594,-0.14783280790372516,1.7660271206768876,0.49684662008782626,0.26379366526313097,0.4575067870386448,-0.08888902620163058,-0.15297324467783197,-0.1656948603001851,0.6089250175477572,0.8209555823236749,0.29950740546328836,0.5357572618748409,1.8325908762630325,0.49189950982751524,1.1854412900876528,1.8422195128849417,-0.06994035292034793
6354,-0.09626895248204746,0.11926969606680772,0.3161289921563876,0.5787871661108037,-0.09022062621411259,4.982352327880085,0.4243950423911569,0.3188390519365335,-0.045142116547571824,0.02582674571341564,0.02464335337300215,-0.031112941522942035,0.170528970107547,0.06967524397389066,-0.0919134418947422,0.8850975191606778,0.08168849938255313,0.08840879038237219,0.2884586983818668,-0.08871026410691603,-0.09265553575369713,-0.06492363187562035,0.07104632396261466,0.17068610553736382,0.10201250424432116,0.05465418312588812,0.4273275109478643,0.05133115595908031,0.35335375296177285,0.7666895204292781,-0.09087022956980803
6359,-0.13262375007330243,0.21889245352537284,1.040606452419294,0.6418818323294911,-0.12366844268196847,1.603752662653786,1.6326897983003679,0.5237831586283903,0.040471990824644984,-0.004758330805640216,0.13926469757901597,-0.12056489861200975,0.42131829791495523,0.03899710606795802,-0.10138156817405791,2.867983205456876,0.2397930073546515,0.5670246290601173,1.1891448731461607,-0.12263579642012276,-0.09765187565896825,-0.10318952947266445,0.19772402569682002,0.3356500628106731,0.283509534650979,0.10035039164163662,1.063850611407048,0.09604122834743842,0.9910638249778086,1.9102404094673378,-0.12159627094557786
6363,-0.10128415424266642,0.08620816031631984,0.7490971450955023,0.37478477060768967,-0.09663384613569902,0.6023494757441178,1.5625221831155236,0.235038441711694,0.03803331129924794,0.1399573967942123,-0.030367643956124356,0.061630567153710895,0.18492895211011653,-0.012906355139673354,-0.08563362648672339,2.196260887737024,0.23088496710635095,0.32348561090176847,1.697902504439735,-0.09729763154194888,-0.07364055139149228,-0.05934104809863311,0.11698965442764737,0.08256496237403736,0.18255636414301704,0.03624944960446327,0.6296982070604717,0.13772661868261765,0.611116595025669,1.1955054206811178,-0.0961277025951708
6365,-0.15507595981802474,0.505433759061607,1.1946556765907137,0.6928110750447182,-0.13185622407844957,3.728513205258623,1.4320908989167946,0.8613788987855073,0.27606492353188977,0.4917008516981085,-0.13467055865921096,-0.03203911066944279,0.6416193988096262,0.1704977366444031,-0.1416833267948787,2.3354289054618906,0.432734101598654,0.3390498809100903,0.8726096078138393,-0.12830955485348208,-0.14323725705027895,-0.12813287804973283,0.42285459687695587,0.37445003715321173,0.4535709859906747,0.2246298320781413,1.2719109970831504,0.03448208995336488,0.981080918075194,1.6393104167926342,-0.13382734605924407
6373,-0.15329667325884025,0.30583923535779817,0.9247908880194442,1.330570370092028,-0.13601514521281832,1.8699957505800313,1.5937011500996094,0.5913812279565774,0.07295955626812173,0.07874978460685497,-0.10365000440484869,0.48740674334081985,0.33255280393662334,0.18661975219207363,-0.13635106968478183,2.7732438036083202,0.37037996517140553,0.43152267809593314,1.5710499379150962,-0.13155848066545797,-0.13229227988233402,-0.07441576199788218,0.29324987506340366,0.402712345556583,0.18805959004229814,0.1738366961069819,0.7527696298916836,0.2400001405153982,1.0709213255453127,2.2124955308750804,-0.12970588322941679
6379,-0.18873487192454033,0.6775583378381863,1.607357302441005,1.0888620502815636,-0.15693146612009515,3.172363123046419,1.8994278524651151,1.1151660968431976,0.42822150138411347,0.10676223275512252,0.28009408925436546,1.770322435713829,0.8432020499637486,0.269221322554154,-0.17228863114415632,2.884629440572796,0.5242319837824422,0.4156330787602941,1.2668261015475673,-0.1509615576936969,-0.1701260114358418,-0.17163751680468695,0.5423885258551774,0.4635891801834303,0.6107201495820905,0.32671198644956717,1.5240042287065823,0.06373229358145702,1.3648197099264536,2.2285173519001553,-0.16106330988516096
6382,-0.14558894526874344,0.3651383283942396,0.7954407997734971,2.0564084395447484,-0.11150277141738701,1.0026946994658035,1.1431674318222655,0.6367179304575571,0.10402455900697231,0.02886836281978225,-0.03433815314366239,0.1176235818388969,0.3487833830490735,0.22384916888903475,-0.1328035661595931,2.110859128170045,0.37238030534948585,0.31982176453584343,0.9950364198612054,-0.10737121746288517,-0.127049681761635,-0.06776099523776787,0.36382165530696503,0.45934458564502617,0.1825676569010429,0.24899450829025252,1.002806976132963,0.44452955343174066,1.052054541430144,1.9165335307950513,-0.11269772704389987
6403,-0.16733616418377095,0.2551103219893789,1.63742922364794,0.4122015162762994,-0.15712673511624178,1.1912756736877521,3.078304111967517,0.5923725359002544,0.3141673857057982,0.04077434204377183,0.12159114442132828,0.7973982450341628,0.4894810308433832,0.002976814822792196,-0.10665262147771865,3.779921286248423,0.5516291161927191,1.4361043043811337,2.6341229288766925,-0.15906894132420396,-0.08863076029625082,-0.12573981096370762,0.40693897232315274,0.17494777201319522,0.54903408595311,0.14956331916037346,0.9374551793567356,0.024563434230533476,1.2558749547342365,2.07792749451457,-0.15069794786989668
6422,-0.17680634120003635,0.4342571376525947,1.8115459458551555,0.6428738008281533,-0.16260342345566928,0.4098449608697253,2.8217561742455053,0.8590270788159375,0.2686550129956179,-0.04482037568532639,-0.023244119381301477,0.017558062218500203,0.7367165769778593,0.07534783006024344,-0.13673215640657507,4.171152329257139,0.5009484333412453,0.6064589721556263,2.3079818612500262,-0.16245449949658428,-0.12209868517141564,-0.13233388867222087,0.45422022975679927,0.4332742525750148,0.49695323004262515,0.17318031795386776,1.859630190609147,0.07496875872816838,1.4879056053750856,2.5712970060291984,-0.15960885075177036
6438,-0.1199852024933382,0.12923172495769136,0.6755976188835909,0.6845463083853197,-0.10627542657188672,0.8980394563031731,1.361963832721652,0.3284510870241193,0.07426468228507746,0.08801716624359787,-0.06607161322809278,-0.0478451497316401,0.19226504013710985,0.023193872930771343,-0.10285240577558252,2.2719523911673996,0.39882747969369736,0.3817987756234978,1.634512997442647,-0.10651713211761134,-0.08811931811303875,-0.083997752187204,0.25239621568789766,0.270751130911402,0.07290857383210615,0.1549217239806099,0.6197822749514128,0.25953203325614393,0.7529032663816675,1.6394623517723101,-0.09976893548999217
6456,-0.12891172895135874,0.33571399719627726,0.8332009707745855,1.17596085149311,-0.11846165752679282,0.8803769846638424,1.0708177671486392,0.632321131268215,-0.011948068066353033,0.21272153334834779,0.04293331716899716,0.15644142498078203,0.3949137207319965,0.20797267519344995,-0.11737063138063016,2.383883731194489,0.1305813589377597,0.2010550623516865,0.7654456615323555,-0.11387652547582157,-0.11734127830578825,-0.03492967204257357,0.11777454376219224,0.5207450665383294,0.24759866044495787,0.08547871766098236,0.8948291099895155,0.1129666895341059,0.912615917837225,2.31592853956763,-0.11842670241955569
6461,-0.19957196545714054,0.6733456527183058,2.0684742259063906,0.7423048459672349,-0.16780844623701685,0.9569615614037977,2.786411917606713,1.175604232038652,0.5872757429510433,0.19948028629993173,-0.09042351552931086,0.3226553079341904,1.0330942370473406,0.15433238228180565,-0.1684373655848472,3.8537935304086375,0.6365237735736421,0.6962856349379044,1.9202397446716688,-0.17093417255380242,-0.15687230923305012,-0.16009565614097784,0.6251234382609767,0.4885540236337529,0.7629903740881717,0.34825694312289807,2.3477799926414944,0.08160255139909584,1.4480157021329023,2.414195751446889,-0.1659418253051729
6473,-0.19263814880819055,0.8139971870216783,1.7656165521548797,0.768768148377955,-0.1592711334080305,1.311840064911058,2.1953164956569395,1.2594556430651727,0.45405511931380543,0.1482303702336477,-0.1435961752700167,0.25672137217198154,0.985740436222078,0.30278794529743447,-0.17614118675255863,3.66533120015381,0.6334732442032737,0.485181701053573,1.3460028949856626,-0.1525471408389993,-0.17649134247998233,-0.11784033233952788,0.63498374180269,0.7065496028896389,0.6169804493830008,0.35231177192315244,1.9868545744472728,-0.005691280404831381,1.603709379039464,2.7869516193788577,-0.15389876429698462
6485,-0.2064927167370041,0.5531971611053078,2.132150825715682,0.5278475024097071,-0.17871476332799244,0.509249047223628,4.261176670166563,1.0397431101526553,0.9064294536353844,0.16062989918876325,-0.16933403943627282,1.5833368886765555,0.9188739213297775,0.11045791589257242,-0.12375631565797122,3.7706948296613816,0.815919835107142,2.843292912501918,3.3386352783182986,-0.18246045448569434,-0.12353325495349196,-0.05842843308220844,0.8137712851599327,0.2863028934823887,0.7601045984471259,0.3042849631920972,1.0831625806039147,-0.007409328320587191,1.5484832194972222,1.9031395023361823,-0.16813375923977741
6494,-0.2214049776949296,1.0809014480443515,1.7771262813557644,2.2025260919433807,-0.13638946917623807,0.8892906750477722,1.6584889566693914,1.5386418665303503,0.6720391521166035,0.19119368668039077,-0.12825260651472845,0.15708247562589972,1.1763940488816105,0.44656088898496954,-0.2078881109644404,2.9984964724177807,0.699464385004493,0.4184469264709468,0.900040063099282,-0.12200315909325393,-0.2120072525245892,-0.20406675553330736,0.8995103790112029,0.9061742311291752,0.6567791560349577,0.6363580208232114,2.4621371244077612,0.5021561909085732,1.6000128964755622,2.727653271108947,-0.1402806470852598
6524,-0.17402488650425962,0.7406436303072854,1.4538322051090964,1.3551414280502423,-0.14930140737203604,0.30142027610860106,1.7748140737897047,1.083247049532785,0.2371147334782684,0.4820631555215456,0.051578872489961396,0.7737623579135976,0.8031962432718752,0.42663664946570434,-0.15639086456462445,3.238898393489027,0.3286909878327689,0.4298162926648171,1.0814658643979367,-0.13760924613390235,-0.15675326851866572,-0.10501101139952045,0.38396216164378755,0.7918706701497549,0.5062897608430297,0.2572365614665424,1.2179776387787444,0.09431888957415327,1.5272217013675922,3.043470983790276,-0.1515246568284466
6526,-0.13439260404059403,0.34560049641938606,0.7064885832836343,1.1385175774171978,-0.11649941530363996,4.020071347694716,0.9081587759116552,0.6261145109776989,0.010185195512685001,0.018199104699906644,0.05851728888782249,0.8409590573614755,0.37900022866649624,0.2067830574822995,-0.12689220950348878,1.6990414277875043,0.1996696979810005,0.18155731087229304,0.5500494725643719,-0.11368175804592703,-0.1259335065583307,-0.053747399893956924,0.2176303727546648,0.4171222541859818,0.19992558429542642,0.16137839382274094,0.7023346886588604,0.13793671888634307,0.915564548318721,1.6744198889964774,-0.11923520980733422
6545,-0.14405407228825007,0.23473117105024155,0.9290629129778897,0.596002714890337,-0.13185005342555794,3.5655797639350215,1.5371760807679125,0.532228346913464,0.06653954208531929,-0.049029547669748846,0.06214471572040617,0.13331831683134918,0.33855119196766326,0.057722587749719466,-0.1287066324228809,2.6424324712167904,0.36673281895835397,0.33658891571794114,1.3510701792477593,-0.13182470344529837,-0.12381460755522743,-0.09973291594426131,0.2926606602051821,0.26662376925528336,0.21869142360223723,0.15251448279484456,1.1610239145848487,0.059944121689362785,1.085193016517013,1.8685228218310992,-0.12726920668878455
6566,-0.1607076241710742,0.5213860286448906,1.5554712209779062,0.7606958306611963,-0.1413134864213156,0.09793361036511634,2.0759601528479124,0.9056525981767328,0.19420661592577076,0.13687584134216255,-0.0849548796624658,0.009742430888104715,0.8557927828153099,0.14234673094704972,-0.14132151925802852,3.850815096402483,0.3424998081060568,0.4250643999657732,1.443373861152475,-0.14000574957968667,-0.1339716290063277,-0.14683153857652087,0.30834920882124417,0.6097254744425431,0.5159196711796906,0.19069845867936078,2.0159279240708865,0.10924662169993375,1.3268900272513235,2.680848056263536,-0.14276444666868385
6571,-0.10354597499589815,0.11488635549671607,0.446720189765976,0.5873979557900694,-0.0969052188248062,3.283160408938749,0.7522462090255434,0.28257389177546216,-0.03755867739744994,-0.05055314904385491,-0.05322274390979023,0.19916290825374863,0.16446354914599434,0.04822586472076317,-0.09510602072072442,1.5219749668255445,0.13324354179119424,0.21826897587288202,0.896258525018302,-0.09579257252267948,-0.08053514074803557,-0.07620741168680091,0.1201381962651971,0.15892404769069005,0.0876293628073282,0.06451319601047656,0.6169659112903171,0.07475143263796452,0.5028597459696875,1.2791153342408648,-0.09212363518366032
6590,-0.12296184193635838,0.20051525310133755,0.9400794464050524,0.6575669310000309,-0.11422123611330796,0.3149600558933427,1.4115833707405212,0.5101305785842224,0.01983990900166888,-0.054296654983541956,0.4180270773396238,0.4090114918189312,0.34249813642918314,0.0455158646943746,-0.10852240234620553,3.090966866461012,0.17083007984226448,0.2558419901887643,1.4640823183405463,-0.11385284100597738,-0.09783160653297379,-0.09996665557591973,0.11984782624950399,0.3242080834097027,0.21712420801767796,0.10561360596434353,1.0526652456810879,0.09187160474149686,0.8397896266301202,2.2400905016876758,-0.11126876418496388
6615,-0.1467502578394262,0.22691594727621778,1.1253510523527572,0.8830199991297966,-0.12611064514706086,1.1766713660873223,1.8136525503152732,0.5070326347857594,0.17677628392577122,0.007994435538448046,-0.10995453867742846,0.7272828707757538,0.39406241231439487,0.02610776517807256,-0.1262874304340809,2.88219010746778,0.46933523907048597,0.43105233989032177,1.7742995006150601,-0.12843997937300386,-0.1155148723717878,-0.08672015012515782,0.34736589548366664,0.2633381436328016,0.31478419323387574,0.20870400670825412,0.9988150412676029,0.3124400521551287,0.9686621386674803,1.5846393548941762,-0.12207084610153701
6643,-0.13107245898701256,0.23433266578175013,0.7647117716146528,1.234485696014868,-0.09804713205640546,0.43658574891038227,1.1950356303164815,0.48201014336848347,0.10757911404632435,-0.03869491417333455,0.11972023347010685,6.509518982153437,0.3440509618514916,0.06998371285062498,-0.11532853210939589,1.9461976706861817,0.3014246638439416,0.32770349508349284,1.1142113416125208,-0.09670434931376205,-0.11376643082270295,-0.07634416373513288,0.2652564977793607,0.29010086539304314,0.19183173816892085,0.2596620896384726,0.7660341917899877,0.37437583213577663,0.6884834537756196,1.4180852887157651,-0.0974447478373175
6696,-0.2105700093206766,0.7653721119240064,1.974098213276094,1.5343972568828976,-0.1609393319536574,0.6001778984576636,2.7133286009880035,1.1682001219895277,0.6392032584498865,0.1476811237959674,-0.05927032148191096,0.11063979263255307,0.8480138346476394,0.3026440917218533,-0.1795546682283023,3.768659039191918,0.8332568787054352,0.7166322653414986,1.9254145752798917,-0.15974236624422938,-0.1705393034828119,-0.19469495301482234,0.8713880303592715,0.676970578861763,0.5798893560916141,0.42370578072127374,1.5255848442837845,0.2965602539447562,1.715168050513657,2.621650798794465,-0.1541165786933646
6699,-0.17509828060479504,0.652717624122341,1.4889545235120936,1.0930154924505637,-0.14860095720353336,0.19083143729933927,1.9654386084076403,1.035424846546029,0.2265737369088005,0.09498507369991835,-0.1451488511968001,1.0356969823882867,0.7010943708993926,0.3460889396621706,-0.15837650660489805,3.685705445451201,0.37388030724129895,0.3478123039219316,1.4461516167711972,-0.1374237617474574,-0.1571785185239482,-0.09008740037996882,0.4030512917206311,0.6242275438278364,0.4554065744856597,0.2738949506709363,1.3914269769832786,0.15055772586208202,1.637348318836532,2.96805699597529,-0.149567976167127
6733,-0.12207468615511342,0.1369340089483403,0.8186491296325313,0.6521220922338289,-0.11153490282778579,0.5664401507897314,1.6699100905699675,0.3633277475143804,0.02800186704129443,0.04221146196733703,-0.09267014645988332,1.7334557651268683,0.22076309481710774,0.032091931162154835,-0.10947531616926372,2.6601418554568452,0.2590467904022862,0.39029377718214275,1.5913264024178853,-0.11080980795761886,-0.09333455553829059,-0.11814976862199812,0.18089240781447918,0.26415799689622627,0.12462147580738003,0.09809720393502987,0.6399318727836668,0.18263304590447965,0.830584215056158,1.968026188724639,-0.10794947024795563
6843,-0.16560853803635947,0.6478263028567461,1.2856191814263267,1.7176386424369563,-0.14763018937325106,1.9881169880489376,1.4088580165124143,1.0498916489989112,0.07734756189087455,0.07288796504643444,-0.03442285109965764,0.4966790525514152,0.7054424505060327,0.4250632496521582,-0.15526561860781826,2.854152926788132,0.18303278733337255,0.25505915879764873,0.631615192337514,-0.13813641647854552,-0.15733177996054257,-0.11648254557611903,0.26234377376674867,0.7511405331508724,0.48688385009645513,0.15873500992346323,1.0045205098595251,0.13148173732157273,1.614722697540233,2.8783744526870203,-0.15089527501485117
6844,-0.1703716915109268,0.4958684058548434,1.1614785004994033,1.3608657810483846,-0.14076418705574925,3.9224734470997555,1.6688317912629738,0.9160996397599809,0.2534475159965815,-0.02759846624319322,0.010473326065426856,1.1755303900855059,0.5563209262126774,0.25407272713962425,-0.15737071512918133,2.4196510480842806,0.43697180015553183,0.3668309093556288,1.2836567568698576,-0.13330503035023075,-0.1519884711486316,-0.13637936593757127,0.44704768923575944,0.3921224638406935,0.36340209476567725,0.30822163707971795,1.0972852488018403,0.13800917505622531,1.0270035392291992,1.886663718989599,-0.1459613466920643
6872,-0.13971292042838968,0.40257699005698916,0.6819455239155114,0.9620455110628083,-0.10542253267745959,3.634132825157222,0.6484295147324256,0.6896343135665275,0.15327494104310416,0.5621808913571512,0.47331324501851757,4.29358810957173,0.4192566108507449,0.17427412673321666,-0.13201774095619276,1.3178891007701787,0.2354269144531502,0.1533970031692895,0.37701286084699026,-0.0985681070071676,-0.1343754280292677,-0.11628717092445277,0.30094464613305366,0.34929940321929753,0.24262272991600606,0.25702651080450856,0.871378021747786,0.1442846589167013,0.8174173829170842,1.388675563885685,-0.10559737330475465
6878,-0.1357153521938619,0.24468131122769962,0.8864400805560486,0.9228265470287091,-0.11780900471399401,1.3287117103677937,1.5558338497034743,0.49633096331905147,0.026832038666125824,-0.013891863366486724,0.38228902846410784,0.015920693623898287,0.2956502092601473,0.09987256836360621,-0.1151471411526239,2.5767557422978027,0.2910726948481133,0.36664476767875404,1.4117958547802087,-0.11949972370507565,-0.10761179262449896,-0.12139362286573574,0.23920019064196907,0.3711231401890091,0.16408334624076573,0.13194172699606038,0.7244872767052327,0.25380971549544856,1.006549502475233,2.0258857978208766,-0.11373238212816984
6882,-0.17541294318338096,0.7277407657169996,1.2676398516399097,1.6946257634626885,-0.13882569812660447,1.5617086152427533,1.4460556948154795,1.1958793986842509,0.2401394842049975,0.24130890231929558,-0.15635393399547157,0.8572242908906202,0.7255115220436453,0.4343548217671836,-0.16284574019993037,2.7272456843484454,0.3768057183360846,0.30328497657201786,0.7940622954777439,-0.12735535272901063,-0.16641199392909686,-0.13308826067490756,0.4606804939497266,0.6587186399531377,0.4399074279745338,0.31910574720947965,1.3989164075942377,0.17163823863791638,1.4418871357082286,2.5645840317954263,-0.14713005490959943
6902,-0.13185405392252092,0.2665349520394044,0.614215215931187,1.2013636360972677,-0.11326937674819583,3.8050659967346125,0.968915685699963,0.4789849620044087,0.01909665754653495,0.11118695517991253,0.05951853151383904,0.7039668997461268,0.29640691381868195,0.13662110505003539,-0.12319197398658552,1.6550988804895743,0.26204168662204613,0.22275379373389545,0.6594029264702822,-0.110844367359545,-0.12255190234269964,-0.04583855639023723,0.23103358292313836,0.3902731853621236,0.1460866366610726,0.1848144809337524,0.6625809722779396,0.24911114259755632,0.6833256419426127,1.4680960156888658,-0.11462175901611263
6971,-0.11960951275876773,0.27180341830442806,0.6978703287519339,0.628089889707968,-0.11299802393977201,2.901905415638712,0.9247545576663065,0.5181213228555842,-0.019149462127106002,0.1664841042772119,0.15771037447140213,0.169079102258527,0.32903689769019745,0.16200186419010856,-0.11236221207528263,1.9628745510372712,0.08957130801630739,0.1735322132901883,0.5725562575056908,-0.11104721277231791,-0.10942985286958677,-0.029671258514379642,0.08084917089381599,0.3640937457219942,0.22490615603415265,0.027495467230335923,0.5640300678559061,0.03222678391838096,0.8312139580407143,1.7561876362697124,-0.11047313000380064
7008,-0.14645003249706415,0.28492670075857035,0.9147087050471099,1.0918656443195902,-0.13659250791486893,1.8274361563383266,1.3812140246335396,0.6668262060898458,-0.0004479528453849081,0.0025241560442118807,-0.052027575162952915,3.091613877956209,0.4557430480631314,0.18187069682422874,-0.13378267969953797,2.874028611580038,0.15622856650269704,0.26868970020645744,1.1430262933044437,-0.1329051800889703,-0.13267046914704816,0.06733759297356814,0.11792118741836458,0.42895041547668317,0.29113950736106076,0.09178633028855308,0.9460611516022703,0.12945243939539053,1.0773594199010583,2.35562844648578,-0.1354938146387503
7041,-0.15290351879874572,0.26190504961929256,1.2908499020482664,0.5635110131919066,-0.14073243522511633,0.36237971588770856,2.3525469165271895,0.577301726963769,0.1146982938938553,0.004943506537696426,0.06119409853537625,1.824075569517564,0.4518161676264859,0.06949950016140627,-0.13204588129110242,3.9460321348905576,0.325930414445677,0.5931078993934871,2.2097769943056607,-0.14012547655477287,-0.10752156513421138,-0.11811377820232583,0.23996023920022275,0.2995124699325889,0.2987333858723907,0.13952208287423054,1.0700533474844627,0.058543063835743016,1.1010990111936474,2.394043061793808,-0.13726252196916586
7047,-0.16085667821008232,0.401424055359895,1.1828200292992057,0.82252745417927,-0.14070848427248836,2.7978091765083892,1.6237997400471185,0.8302872653983534,0.18005096332573542,0.004769414688057123,0.08429781447687291,0.06226676747297632,0.5830589482110212,0.1140170364207538,-0.1408538038340696,2.9262092205920776,0.4008913110401599,0.4849988814705269,1.3363804124490288,-0.13722461704322422,-0.13234403296511013,-0.15268388857589837,0.33054790492352437,0.4288122322372246,0.3438463926093507,0.2339278564846289,1.8672292026411221,0.06337916378896484,1.0403591395643834,2.068088503251065,-0.1355508971937241
7050,-0.15760572293426994,0.4910411269348875,1.1792193903937982,1.2062808976429922,-0.14576090499961777,1.85996028623745,1.5542952076444931,0.8302776806863383,0.01797503305325858,0.2377024128758972,0.06352702328872377,-0.034851610075942396,0.5626604179137341,0.25342582196714797,-0.14197665588861277,3.220865465277619,0.1856424461281736,0.3132364721967888,1.0045175808124622,-0.13927262415165334,-0.14061886442045807,-0.1228937947936893,0.2033338300336186,0.6389997974073222,0.3321592331841833,0.11026319418535196,1.2482935992297524,0.12229656636133929,1.4379689959406303,2.7302041058518656,-0.14370379543517592
7070,-0.12934984443067718,0.19566521081572805,0.8243402046515161,0.6594701199208695,-0.11753502428930572,2.873618423053071,1.1499054590337021,0.46239220398380687,-0.005168425772342203,-0.025624752182876766,0.6966433013082513,1.341709551559464,0.3187274761562386,0.05240859675745353,-0.11735315655845928,2.248227639417547,0.17763626680029557,0.23158553035943064,0.9681125587152871,-0.11749445171430167,-0.10830356678596359,-0.11404540545700034,0.1747912369304672,0.2651801018479085,0.20017513958184885,0.11552176191980745,0.9348585360007947,0.09985308149394546,0.8423136999689752,1.8282865937993784,-0.1166103180553175
7107,-0.14832026623506314,0.15619246693206187,1.213476258614317,0.28987562843259274,-0.13697852841334818,1.8849880527994867,2.2816985752030807,0.4167858443261307,0.20481444404667362,-0.030905780599372403,0.5313300497868184,1.665015661072736,0.37772825240217905,-0.045103103411732466,-0.11656877791863386,2.8834011898877994,0.4599959756428735,0.6450737955559733,2.4138240102691375,-0.1416180873693302,-0.08640620054431881,-0.0792390237821608,0.37191684911449996,0.15424048723341427,0.2761103257135944,0.132661457035134,0.919793304104395,0.11431706900972465,0.9224380881134501,1.602357623145533,-0.12952610856094385
7110,-0.158780852261189,0.4395702166358533,1.0239267376512815,1.2683532507604536,-0.12060389978132319,1.2357538230922653,1.359018738023593,0.8226604192167125,0.14834652903571263,-0.030466728893869404,1.2944624605480919,0.6982036013088371,0.510690169000756,0.16842603259817027,-0.13607880093888464,2.4286865601263927,0.3451092520729943,0.3450110153295284,1.1545399500173639,-0.11624558481718263,-0.12953076694268167,-0.14397715944050968,0.3592973531432121,0.5488721909765886,0.2546323188204723,0.3349549762763415,1.466402779934965,0.30356523563633164,1.046722536522134,2.2440862244065007,-0.11320758916471453
7129,-0.11406441747803649,0.2287866054821368,0.5422950733224623,1.5866906563394423,-0.09706845870729618,0.5422112853279382,0.6592181377027889,0.5098716956144634,0.04767166592991109,-0.039980200601314714,0.7243588405893078,0.3080917407518534,0.32585232555595556,0.2119799848327049,-0.10807702240237264,1.5506058604309443,0.0341100778066565,0.12387234979436038,0.39457717730751457,-0.08780531414144108,-0.10200275651044424,0.0846232354811208,0.07597119747026693,0.49540895816375125,0.1645591726929831,0.12350430905235334,0.4065736190827134,0.23868974159346587,0.8401817617706705,2.1944269830510423,-0.08792086224414979
7157,-0.12047928074458585,0.18384600802573012,0.5430677859281388,1.1715592996473827,-0.10765544774314578,2.9156500038181816,0.9333227329130782,0.4656628109803287,-0.013114954058882059,0.01647346034092114,-0.010080239878482571,0.22179931416928367,0.2431231749701133,0.14344939913376353,-0.11287169900101328,1.7004661426664585,0.19018394318145698,0.21011628215251418,0.8108237875916373,-0.10316693292173872,-0.11097225893670046,-0.0024864968227955903,0.14667108290017128,0.3063505853244517,0.0847723683971197,0.12903813642191217,0.4425422450139695,0.24619346942675105,0.6711660561506683,1.6224636809279729,-0.1051950296586376
7182,-0.15805115121261762,0.284631809416818,1.239915487303408,0.9898485266209277,-0.1467661585211217,1.23057418922412,2.0816161101788166,0.6507665413236169,0.04411123973181497,-0.012158535238195878,-0.04947261209892761,1.3022769556682767,0.4654176238735363,0.10375806706609148,-0.1345629735929524,3.7481232964297218,0.3309928612983232,0.5408716437116695,1.729446336659054,-0.14602307117138116,-0.1266490326056834,-0.13606839326827266,0.2656480226041081,0.4567196911772143,0.2683510936287757,0.12924009909924966,1.1286961428220819,0.1354848830351241,1.2596381303835202,2.5648094591480834,-0.14251461309087093
7209,-0.1761686317604995,0.7526389907948072,1.2183952487181398,2.0873970507682724,-0.13019447214189253,0.6265328598467169,1.3957677673644635,1.2088462490828435,0.25691337945234566,0.011146772048447164,-0.05803757091496309,3.257878615337262,0.6510298362141784,0.4967508795242975,-0.16296781122051143,2.433106093046962,0.41556062462297727,0.29775469485727346,0.9145421513648694,-0.1117250084045782,-0.16479060221860528,-0.1367545507360735,0.4926938470534906,0.661184976080832,0.3782866078358519,0.4146716455932464,0.9835028677651849,0.19874522314580212,1.3953641029885384,2.457573772814304,-0.13156845747818693
7214,-0.12532241071307326,0.2390738670977605,0.8007676817951792,1.1971859151774404,-0.10909238926565132,0.7297212841906893,1.2830662299801547,0.4534459310025599,0.028858841014118102,0.024926274773170626,-0.10679460969059719,0.03540312359887295,0.30151322649724965,0.11592983434107342,-0.10963103225414965,2.3014909018315444,0.24880439877136964,0.3175008568292378,1.2237675909973285,-0.10752151182232533,-0.10288858603156985,-0.04984586350969651,0.2177987651297512,0.32418164976137664,0.18532985655953274,0.12276737400836747,0.613616456178971,0.29754470108318287,0.9413671499641846,1.7162741893226943,-0.10587100464684922
7220,-0.15920962263284166,0.2610792176715812,1.2802175501201103,0.5044880660659364,-0.14950693862683265,1.705918403418762,2.292448828385724,0.5802775679451996,0.1584055628962271,2.1175241265736613,-0.08881906578324301,0.20326581990349865,0.5749134801157523,0.029709066612716967,-0.12913679726854146,3.36553719221658,0.3959843434917282,0.48227134411291805,2.013511517470145,-0.14961845204979107,-0.12565212869960432,0.09412538075270913,0.2666583533541597,0.22183086976667737,0.40066874082002985,0.12860897467554988,1.4269791945509123,0.041292528055017624,0.991540535086561,1.7895614160135374,-0.14376755245359998
7221,-0.18707218948347043,0.5766495880036352,1.6511438537112455,0.8428999423802217,-0.1630859924323946,0.8966729957235993,2.7134385059858257,1.0031779614373735,0.278172665032776,-0.015121551033716296,-0.15661760966469496,0.2993402104300064,0.7439619552439373,0.21181868808569634,-0.1629910957462726,4.181131201774449,0.5450810317566669,0.6284704346787094,2.217082926744398,-0.15793182076670376,-0.15624938054078633,-0.0959293649410775,0.5053623269273235,0.6047028979115934,0.4331386986989275,0.2659807482058585,1.602060193927171,0.08094724397665722,1.5164732958909937,2.763004363785451,-0.16292622670582788
7285,-0.14724453665682807,0.32055967135791824,0.9625135187052163,0.9516614447233829,-0.1296228671154224,2.3796668135253696,1.4089923110997318,0.5998420373644354,0.04241346529404972,0.20088158835533104,-0.10714104838565089,1.076506113636079,0.4214723296811568,0.12928926286018183,-0.13282040397339664,2.5085589576511715,0.2597263032388964,0.3078287008750309,1.2315726551791535,-0.1258632235048093,-0.12530179430534547,-0.1395489742865735,0.24320640539830976,0.4101187497022465,0.2705941633330604,0.15600289325578703,1.222638041635809,0.19629049746698135,1.0059737952474161,1.9804716880293338,-0.12542109229104545
7288,-0.09635548205480449,0.031084291675073514,0.34923685924227293,0.5214000705500107,-0.08873219973812127,2.616953036036641,0.7906800557501624,0.14409266824815506,-0.023831876064629037,0.792923482569,0.10886332670921826,-0.06479351811992873,0.10357049069955054,-0.027209462773252292,-0.0856111172010125,1.1441828944419676,0.17580904982063927,0.27144795745237355,0.8348303909145318,-0.09038423847016087,-0.07641515616221227,-0.037255322448693104,0.09857238606080164,0.13167062438129645,0.030422932924000064,0.0527728954125956,0.359293629334034,0.1808018339430241,0.397571936532239,0.7793254572081246,-0.08490377564760475
